5.38427 5.38427
0 0
0 0
15.0891 15.0891
0 0
0 0
0 0
0 0
0 0
0 0
26.6067 26.6067
0 0
0 0
0 0
0 0
0 0
0 0
0 0
0 0
0 0
0 0
0 0
3.25346 3.25346
0 0
0 0
0 0
0 0
0 0
0 0
0 0
0 0
0 0
0 0
0 0
0 0
0 0
0 0
0 0
0 0
0 0
0 0
0 0
0 0
0 0
0 0
0 0
0 0
0 0
0 0
0 0
0.693 0.693
0 0
0 0
10.0181 10.0181
0 0
0 0
0 0
0 0
0 0
0 0
9.51359 9.51359
0 0
0 0
0 0
0 0
0 0
0 0
0 0
0 0
0 0
0 0
0 0
4.70712 4.70712
0 0
0 0
0 0
0 0
0 0
0 0
0 0
0 0
0 0
0 0
0 0
0 0
0 0
0 0
0 0
0 0
0 0
0 0
0 0
0 0
0 0
0 0
0 0
0 0
0 0
0 0
0 0
4.145 4.145
0 0
0 0
3.28061 3.28061
0 0
0 0
0 0
0 0
0 0
0 0
14.1954 14.1954
0 0
0 0
0 0
0 0
0 0
0 0
0 0
0 0
0 0
0 0
0 0
3.21444 3.21444
0 0
0 0
0 0
0 0
0 0
0 0
0 0
0 0
0 0
0 0
0 0
0 0
0 0
0 0
0 0
0 0
0 0
0 0
0 0
0 0
0 0
0 0
0 0
0 0
0 0
0 0
0 0
-2.36613 -2.36613
0 0
0 0
-1.45971 -1.45971
0 0
0 0
0 0
0 0
0 0
0 0
-8.21018 -8.21018
0 0
0 0
0 0
0 0
0 0
0 0
0 0
0 0
0 0
0 0
0 0
-5.5393 -5.5393
0 0
0 0
0 0
0 0
0 0
0 0
0 0
0 0
0 0
0 0
0 0
0 0
0 0
0 0
0 0
0 0
0 0
0 0
0 0
0 0
0 0
0 0
0 0
0 0
0 0
0 0
0 0
2.21158 2.21158
0 0
0 0
12.884 12.884
0 0
0 0
0 0
0 0
0 0
0 0
10.7095 10.7095
0 0
0 0
0 0
0 0
0 0
0 0
0 0
0 0
0 0
0 0
0 0
1.82509 1.82509
0 0
0 0
0 0
0 0
0 0
0 0
0 0
0 0
0 0
0 0
0 0
0 0
0 0
0 0
0 0
0 0
0 0
0 0
0 0
0 0
0 0
0 0
0 0
0 0
0 0
0 0
0 0
3.00213 3.00213
0 0
0 0
-3.09976 -3.09976
0 0
0 0
0 0
0 0
0 0
0 0
4.48545 4.48545
0 0
0 0
0 0
0 0
0 0
0 0
0 0
0 0
0 0
0 0
0 0
3.91485 3.91485
0 0
0 0
0 0
0 0
0 0
0 0
0 0
0 0
0 0
0 0
0 0
0 0
0 0
0 0
0 0
0 0
0 0
0 0
0 0
0 0
0 0
0 0
0 0
0 0
0 0
0 0
0 0
2.5143 2.5143
0 0
0 0
-4.80035 -4.80035
0 0
0 0
0 0
0 0
0 0
0 0
-4.10613 -4.10613
0 0
0 0
0 0
0 0
0 0
0 0
0 0
0 0
0 0
0 0
0 0
-0.542356 -0.542356
0 0
0 0
0 0
0 0
0 0
0 0
0 0
0 0
0 0
0 0
0 0
0 0
0 0
0 0
0 0
0 0
0 0
0 0
0 0
0 0
0 0
0 0
0 0
0 0
0 0
0 0
0 0
-0.93884 -0.93884
0 0
0 0
2.19977 2.19977
0 0
0 0
0 0
0 0
0 0
0 0
12.4935 12.4935
0 0
0 0
0 0
0 0
0 0
0 0
0 0
0 0
0 0
0 0
0 0
-1.28886 -1.28886
0 0
0 0
0 0
0 0
0 0
0 0
0 0
0 0
0 0
0 0
0 0
0 0
0 0
0 0
0 0
0 0
0 0
0 0
0 0
0 0
0 0
0 0
0 0
0 0
0 0
0 0
0 0
2.87567 2.87567
0 0
0 0
-2.18828 -2.18828
0 0
0 0
0 0
0 0
0 0
0 0
1.81129 1.81129
0 0
0 0
0 0
0 0
0 0
0 0
0 0
0 0
0 0
0 0
0 0
4.95723 4.95723
0 0
0 0
0 0
0 0
0 0
0 0
0 0
0 0
0 0
0 0
0 0
0 0
0 0
0 0
0 0
0 0
0 0
0 0
0 0
0 0
0 0
0 0
0 0
0 0
0 0
0 0
0 0
-5.82934 -5.82934
0 0
0 0
-4.70385 -4.70385
0 0
0 0
0 0
0 0
0 0
0 0
-17.5953 -17.5953
0 0
0 0
0 0
0 0
0 0
0 0
0 0
0 0
0 0
0 0
0 0
-8.90413 -8.90413
0 0
0 0
0 0
0 0
0 0
0 0
0 0
0 0
0 0
0 0
0 0
0 0
0 0
0 0
0 0
0 0
0 0
0 0
0 0
0 0
0 0
0 0
0 0
0 0
0 0
0 0
0 0
