-0.0425616 -0.0425616
0 0
-0.0212808 -0.0212808
0 0
0 0
0 0
0 0
0 0
0 0
-0.0212808 -0.0212808
0 0
0 0
0 0
0 0
0 0
0 0
0 0
0 0
0 0
-0.0212808 -0.0212808
0 0
0 0
0 0
0 0
0 0
0 0
0 0
0 0
0 0
0 0
0 0
0 0
0 0
0 0
0 0
0 0
0 0
0 0
0 0
0 0
0 0
0 0
0 0
0 0
0 0
0 0
0 0
0 0
0 0
0 0
-0.0127438 -0.0127438
0 0
-0.00637189 -0.00637189
0 0
0 0
0 0
0 0
0 0
0 0
-0.00637189 -0.00637189
0 0
0 0
0 0
0 0
0 0
0 0
0 0
0 0
0 0
-0.00637189 -0.00637189
0 0
0 0
0 0
0 0
0 0
0 0
0 0
0 0
0 0
0 0
0 0
0 0
0 0
0 0
0 0
0 0
0 0
0 0
0 0
0 0
0 0
0 0
0 0
0 0
0 0
0 0
0 0
0 0
0 0
0 0
0.0639768 0.0639768
0 0
0.0319884 0.0319884
0 0
0 0
0 0
0 0
0 0
0 0
0.0319884 0.0319884
0 0
0 0
0 0
0 0
0 0
0 0
0 0
0 0
0 0
0.0319884 0.0319884
0 0
0 0
0 0
0 0
0 0
0 0
0 0
0 0
0 0
0 0
0 0
0 0
0 0
0 0
0 0
0 0
0 0
0 0
0 0
0 0
0 0
0 0
0 0
0 0
0 0
0 0
0 0
0 0
0 0
0 0
-0.0646862 -0.0646862
0 0
-0.0323431 -0.0323431
0 0
0 0
0 0
0 0
0 0
0 0
-0.0323431 -0.0323431
0 0
0 0
0 0
0 0
0 0
0 0
0 0
0 0
0 0
-0.0323431 -0.0323431
0 0
0 0
0 0
0 0
0 0
0 0
0 0
0 0
0 0
0 0
0 0
0 0
0 0
0 0
0 0
0 0
0 0
0 0
0 0
0 0
0 0
0 0
0 0
0 0
0 0
0 0
0 0
0 0
0 0
0 0
0.0338326 0.0338326
0 0
0.0169163 0.0169163
0 0
0 0
0 0
0 0
0 0
0 0
0.0169163 0.0169163
0 0
0 0
0 0
0 0
0 0
0 0
0 0
0 0
0 0
0.0169163 0.0169163
0 0
0 0
0 0
0 0
0 0
0 0
0 0
0 0
0 0
0 0
0 0
0 0
0 0
0 0
0 0
0 0
0 0
0 0
0 0
0 0
0 0
0 0
0 0
0 0
0 0
0 0
0 0
0 0
0 0
0 0
0.0509739 0.0509739
0 0
0.025487 0.025487
0 0
0 0
0 0
0 0
0 0
0 0
0.025487 0.025487
0 0
0 0
0 0
0 0
0 0
0 0
0 0
0 0
0 0
0.025487 0.025487
0 0
0 0
0 0
0 0
0 0
0 0
0 0
0 0
0 0
0 0
0 0
0 0
0 0
0 0
0 0
0 0
0 0
0 0
0 0
0 0
0 0
0 0
0 0
0 0
0 0
0 0
0 0
0 0
0 0
0 0
0.0702405 0.0702405
0 0
0.0351203 0.0351203
0 0
0 0
0 0
0 0
0 0
0 0
0.0351203 0.0351203
0 0
0 0
0 0
0 0
0 0
0 0
0 0
0 0
0 0
0.0351203 0.0351203
0 0
0 0
0 0
0 0
0 0
0 0
0 0
0 0
0 0
0 0
0 0
0 0
0 0
0 0
0 0
0 0
0 0
0 0
0 0
0 0
0 0
0 0
0 0
0 0
0 0
0 0
0 0
0 0
0 0
0 0
-0.0989016 -0.0989016
0 0
-0.0494508 -0.0494508
0 0
0 0
0 0
0 0
0 0
0 0
-0.0494508 -0.0494508
0 0
0 0
0 0
0 0
0 0
0 0
0 0
0 0
0 0
-0.0494508 -0.0494508
0 0
0 0
0 0
0 0
0 0
0 0
0 0
0 0
0 0
0 0
0 0
0 0
0 0
0 0
0 0
0 0
0 0
0 0
0 0
0 0
0 0
0 0
0 0
0 0
0 0
0 0
0 0
0 0
0 0
0 0
0.0916844 0.0916844
0 0
0.0458422 0.0458422
0 0
0 0
0 0
0 0
0 0
0 0
0.0458422 0.0458422
0 0
0 0
0 0
0 0
0 0
0 0
0 0
0 0
0 0
0.0458422 0.0458422
0 0
0 0
0 0
0 0
0 0
0 0
0 0
0 0
0 0
0 0
0 0
0 0
0 0
0 0
0 0
0 0
0 0
0 0
0 0
0 0
0 0
0 0
0 0
0 0
0 0
0 0
0 0
0 0
0 0
0 0
0.110886 0.110886
0 0
0.0554432 0.0554432
0 0
0 0
0 0
0 0
0 0
0 0
0.0554432 0.0554432
0 0
0 0
0 0
0 0
0 0
0 0
0 0
0 0
0 0
0.0554432 0.0554432
0 0
0 0
0 0
0 0
0 0
0 0
0 0
0 0
0 0
0 0
0 0
0 0
0 0
0 0
0 0
0 0
0 0
0 0
0 0
0 0
0 0
0 0
0 0
0 0
0 0
0 0
0 0
0 0
0 0
0 0
