current sentence = 1
1 7 1 19
2 1 2 1
3 7 3 6
4 6 4 6
5 6 5 6
6 7 6 19
7 10 7 19
8 7 8 6
9 8 9 6
10 0 10 0
11 10 11 6
12 10 12 3
13 14 13 6
14 12 14 6
15 10 15 3
16 15 16 12
17 18 17 6
18 16 18 19
19 10 19 16
20 24 20 6
21 23 21 6
22 23 22 6
23 24 23 19
24 27 24 19
25 24 25 6
26 25 26 6
27 19 27 20
28 27 28 6
29 27 29 16
30 31 30 6
31 29 31 6
32 27 32 3
33 32 33 12
34 35 34 6
35 33 35 19
36 10 36 10

current sentence = 2
1 5 1 9
2 1 2 1
3 5 3 5
4 5 4 5
5 11 5 12
6 9 6 1
7 8 7 1
8 9 8 1
9 0 9 0
10 9 10 1
11 9 11 18
12 11 12 14
13 14 13 8
14 12 14 2
15 14 15 14
16 17 16 12
17 15 17 14
18 11 18 14

current sentence = 3
1 16 1 11
2 4 2 1
3 2 3 2
4 1 4 1
5 16 5 6
6 16 6 7
7 8 7 16
8 16 8 7
9 12 9 4
10 11 10 16
11 12 11 4
12 8 12 1
13 16 13 2
14 16 14 7
15 16 15 16
16 0 16 0
17 16 17 16

current sentence = 4
1 2 1 2
2 8 2 13
3 5 3 13
4 5 4 8
5 0 5 0
6 5 6 13
7 8 7 9
8 5 8 9
9 8 9 5
10 11 10 9
11 8 11 18
12 11 12 11
13 12 13 12
14 15 14 2
15 13 15 13
16 15 16 18
17 16 17 11
18 19 18 2
19 17 19 13
20 8 20 8

current sentence = 5
1 10 1 9
2 1 2 21
3 10 3 2
4 6 4 6
5 6 5 2
6 10 6 21
7 6 7 14
8 9 8 6
9 7 9 19
10 0 10 0
11 13 11 3
12 13 12 18
13 14 13 6
14 10 14 21
15 14 15 2
16 17 16 27
17 14 17 4
18 17 18 21
19 18 19 18
20 19 20 21
21 20 21 8
22 23 22 21
23 21 23 21
24 21 24 8
25 26 25 6
26 24 26 21
27 10 27 10

current sentence = 1
1 7 1 19
2 1 2 1
3 7 3 24
4 6 4 34
5 6 5 4
6 7 6 19
7 10 7 19
8 7 8 24
9 8 9 30
10 0 10 0
11 10 11 9
12 10 12 3
13 14 13 9
14 12 14 13
15 10 15 3
16 15 16 12
17 18 17 9
18 16 18 19
19 10 19 30
20 24 20 6
21 23 21 17
22 23 22 17
23 24 23 19
24 27 24 19
25 24 25 24
26 25 26 22
27 19 27 19
28 27 28 24
29 27 29 30
30 31 30 24
31 29 31 30
32 27 32 3
33 32 33 12
34 35 34 30
35 33 35 19
36 10 36 10

current sentence = 2
1 5 1 9
2 1 2 1
3 5 3 17
4 5 4 17
5 11 5 12
6 9 6 1
7 8 7 1
8 9 8 1
9 0 9 0
10 9 10 1
11 9 11 18
12 11 12 11
13 14 13 8
14 12 14 18
15 14 15 11
16 17 16 12
17 15 17 12
18 11 18 9

current sentence = 3
1 16 1 10
2 4 2 1
3 2 3 2
4 1 4 1
5 16 5 14
6 16 6 7
7 8 7 16
8 16 8 1
9 12 9 4
10 11 10 16
11 12 11 4
12 8 12 1
13 16 13 2
14 16 14 7
15 16 15 16
16 0 16 0
17 16 17 16

current sentence = 4
1 2 1 2
2 8 2 13
3 5 3 5
4 5 4 8
5 0 5 0
6 5 6 5
7 8 7 4
8 5 8 13
9 8 9 8
10 11 10 4
11 8 11 18
12 11 12 11
13 12 13 18
14 15 14 2
15 13 15 13
16 15 16 18
17 16 17 11
18 19 18 19
19 17 19 13
20 8 20 8

current sentence = 5
1 10 1 13
2 1 2 1
3 10 3 2
4 6 4 6
5 6 5 2
6 10 6 1
7 6 7 13
8 9 8 9
9 7 9 1
10 0 10 0
11 13 11 3
12 13 12 13
13 14 13 9
14 10 14 1
15 14 15 2
16 17 16 27
17 14 17 1
18 17 18 1
19 18 19 13
20 19 20 1
21 20 21 13
22 23 22 1
23 21 23 1
24 21 24 8
25 26 25 9
26 24 26 1
27 10 27 10

current sentence = 1
1 7 1 19
2 1 2 1
3 7 3 24
4 6 4 34
5 6 5 4
6 7 6 19
7 10 7 19
8 7 8 24
9 8 9 30
10 0 10 0
11 10 11 9
12 10 12 3
13 14 13 9
14 12 14 13
15 10 15 3
16 15 16 12
17 18 17 9
18 16 18 19
19 10 19 30
20 24 20 6
21 23 21 17
22 23 22 17
23 24 23 19
24 27 24 19
25 24 25 24
26 25 26 22
27 19 27 19
28 27 28 24
29 27 29 30
30 31 30 24
31 29 31 30
32 27 32 3
33 32 33 12
34 35 34 30
35 33 35 19
36 10 36 10

current sentence = 2
1 5 1 9
2 1 2 1
3 5 3 17
4 5 4 17
5 11 5 12
6 9 6 1
7 8 7 1
8 9 8 1
9 0 9 0
10 9 10 1
11 9 11 18
12 11 12 11
13 14 13 8
14 12 14 18
15 14 15 11
16 17 16 12
17 15 17 12
18 11 18 9

current sentence = 3
1 16 1 10
2 4 2 1
3 2 3 2
4 1 4 1
5 16 5 14
6 16 6 8
7 8 7 8
8 16 8 1
9 12 9 4
10 11 10 11
11 12 11 4
12 8 12 1
13 16 13 2
14 16 14 8
15 16 15 8
16 0 16 0
17 16 17 16

current sentence = 4
1 2 1 2
2 8 2 13
3 5 3 8
4 5 4 5
5 0 5 0
6 5 6 8
7 8 7 5
8 5 8 13
9 8 9 5
10 11 10 5
11 8 11 18
12 11 12 11
13 12 13 18
14 15 14 2
15 13 15 13
16 15 16 18
17 16 17 11
18 19 18 19
19 17 19 13
20 8 20 8

current sentence = 5
1 10 1 11
2 1 2 1
3 10 3 2
4 6 4 6
5 6 5 2
6 10 6 1
7 6 7 11
8 9 8 9
9 7 9 1
10 0 10 0
11 13 11 3
12 13 12 11
13 14 13 9
14 10 14 1
15 14 15 2
16 17 16 27
17 14 17 1
18 17 18 1
19 18 19 11
20 19 20 1
21 20 21 11
22 23 22 1
23 21 23 1
24 21 24 8
25 26 25 9
26 24 26 1
27 10 27 10

current sentence = 1
1 7 1 19
2 1 2 1
3 7 3 24
4 6 4 34
5 6 5 4
6 7 6 19
7 10 7 19
8 7 8 24
9 8 9 30
10 0 10 0
11 10 11 9
12 10 12 3
13 14 13 9
14 12 14 13
15 10 15 3
16 15 16 12
17 18 17 9
18 16 18 19
19 10 19 30
20 24 20 6
21 23 21 17
22 23 22 17
23 24 23 19
24 27 24 19
25 24 25 24
26 25 26 22
27 19 27 19
28 27 28 24
29 27 29 30
30 31 30 24
31 29 31 30
32 27 32 3
33 32 33 12
34 35 34 30
35 33 35 19
36 10 36 10

current sentence = 2
1 5 1 9
2 1 2 1
3 5 3 17
4 5 4 17
5 11 5 12
6 9 6 1
7 8 7 1
8 9 8 1
9 0 9 0
10 9 10 1
11 9 11 18
12 11 12 11
13 14 13 8
14 12 14 18
15 14 15 11
16 17 16 12
17 15 17 12
18 11 18 9

current sentence = 3
1 16 1 10
2 4 2 1
3 2 3 2
4 1 4 1
5 16 5 14
6 16 6 8
7 8 7 16
8 16 8 1
9 12 9 4
10 11 10 11
11 12 11 4
12 8 12 1
13 16 13 2
14 16 14 8
15 16 15 16
16 0 16 0
17 16 17 16

current sentence = 4
1 2 1 2
2 8 2 13
3 5 3 5
4 5 4 8
5 0 5 0
6 5 6 5
7 8 7 5
8 5 8 13
9 8 9 8
10 11 10 5
11 8 11 18
12 11 12 11
13 12 13 18
14 15 14 2
15 13 15 13
16 15 16 18
17 16 17 11
18 19 18 19
19 17 19 13
20 8 20 8

current sentence = 5
1 10 1 11
2 1 2 1
3 10 3 2
4 6 4 6
5 6 5 2
6 10 6 1
7 6 7 11
8 9 8 9
9 7 9 1
10 0 10 0
11 13 11 3
12 13 12 11
13 14 13 9
14 10 14 1
15 14 15 2
16 17 16 27
17 14 17 1
18 17 18 1
19 18 19 11
20 19 20 1
21 20 21 11
22 23 22 1
23 21 23 1
24 21 24 8
25 26 25 9
26 24 26 1
27 10 27 10

current sentence = 1
1 7 1 19
2 1 2 1
3 7 3 24
4 6 4 34
5 6 5 4
6 7 6 19
7 10 7 19
8 7 8 24
9 8 9 30
10 0 10 0
11 10 11 9
12 10 12 3
13 14 13 9
14 12 14 13
15 10 15 3
16 15 16 12
17 18 17 9
18 16 18 19
19 10 19 30
20 24 20 6
21 23 21 17
22 23 22 17
23 24 23 19
24 27 24 19
25 24 25 24
26 25 26 22
27 19 27 19
28 27 28 24
29 27 29 30
30 31 30 24
31 29 31 30
32 27 32 3
33 32 33 12
34 35 34 30
35 33 35 19
36 10 36 10

current sentence = 2
1 5 1 9
2 1 2 1
3 5 3 17
4 5 4 17
5 11 5 12
6 9 6 1
7 8 7 1
8 9 8 1
9 0 9 0
10 9 10 1
11 9 11 18
12 11 12 11
13 14 13 8
14 12 14 18
15 14 15 11
16 17 16 12
17 15 17 12
18 11 18 9

current sentence = 3
1 16 1 9
2 4 2 1
3 2 3 2
4 1 4 1
5 16 5 17
6 16 6 8
7 8 7 8
8 16 8 1
9 12 9 4
10 11 10 11
11 12 11 4
12 8 12 1
13 16 13 2
14 16 14 8
15 16 15 8
16 0 16 0
17 16 17 8

current sentence = 4
1 2 1 2
2 8 2 13
3 5 3 8
4 5 4 5
5 0 5 0
6 5 6 8
7 8 7 5
8 5 8 10
9 8 9 5
10 11 10 5
11 8 11 18
12 11 12 11
13 12 13 1
14 15 14 2
15 13 15 13
16 15 16 18
17 16 17 11
18 19 18 19
19 17 19 13
20 8 20 5

current sentence = 5
1 10 1 11
2 1 2 1
3 10 3 2
4 6 4 6
5 6 5 2
6 10 6 1
7 6 7 11
8 9 8 9
9 7 9 1
10 0 10 0
11 13 11 16
12 13 12 11
13 14 13 9
14 10 14 1
15 14 15 2
16 17 16 27
17 14 17 1
18 17 18 1
19 18 19 11
20 19 20 1
21 20 21 11
22 23 22 1
23 21 23 1
24 21 24 8
25 26 25 9
26 24 26 1
27 10 27 10

current sentence = 1
1 7 1 19
2 1 2 1
3 7 3 24
4 6 4 34
5 6 5 4
6 7 6 19
7 10 7 19
8 7 8 24
9 8 9 30
10 0 10 0
11 10 11 9
12 10 12 3
13 14 13 9
14 12 14 13
15 10 15 3
16 15 16 12
17 18 17 9
18 16 18 19
19 10 19 30
20 24 20 6
21 23 21 17
22 23 22 17
23 24 23 19
24 27 24 19
25 24 25 24
26 25 26 22
27 19 27 19
28 27 28 24
29 27 29 30
30 31 30 24
31 29 31 30
32 27 32 3
33 32 33 12
34 35 34 30
35 33 35 19
36 10 36 10

current sentence = 2
1 5 1 9
2 1 2 1
3 5 3 17
4 5 4 17
5 11 5 12
6 9 6 1
7 8 7 1
8 9 8 1
9 0 9 0
10 9 10 1
11 9 11 18
12 11 12 11
13 14 13 8
14 12 14 18
15 14 15 11
16 17 16 12
17 15 17 12
18 11 18 9

current sentence = 3
1 16 1 9
2 4 2 1
3 2 3 2
4 1 4 1
5 16 5 17
6 16 6 8
7 8 7 8
8 16 8 1
9 12 9 4
10 11 10 11
11 12 11 4
12 8 12 1
13 16 13 2
14 16 14 8
15 16 15 8
16 0 16 0
17 16 17 8

current sentence = 4
1 2 1 2
2 8 2 13
3 5 3 8
4 5 4 5
5 0 5 0
6 5 6 8
7 8 7 5
8 5 8 10
9 8 9 5
10 11 10 5
11 8 11 18
12 11 12 11
13 12 13 1
14 15 14 2
15 13 15 13
16 15 16 18
17 16 17 11
18 19 18 19
19 17 19 13
20 8 20 5

current sentence = 5
1 10 1 11
2 1 2 1
3 10 3 2
4 6 4 6
5 6 5 2
6 10 6 1
7 6 7 11
8 9 8 9
9 7 9 1
10 0 10 0
11 13 11 3
12 13 12 11
13 14 13 9
14 10 14 1
15 14 15 2
16 17 16 27
17 14 17 1
18 17 18 1
19 18 19 11
20 19 20 1
21 20 21 11
22 23 22 1
23 21 23 1
24 21 24 8
25 26 25 9
26 24 26 1
27 10 27 10

current sentence = 1
1 7 1 19
2 1 2 1
3 7 3 24
4 6 4 34
5 6 5 4
6 7 6 19
7 10 7 19
8 7 8 24
9 8 9 30
10 0 10 0
11 10 11 9
12 10 12 3
13 14 13 9
14 12 14 13
15 10 15 3
16 15 16 12
17 18 17 9
18 16 18 19
19 10 19 30
20 24 20 6
21 23 21 17
22 23 22 17
23 24 23 19
24 27 24 19
25 24 25 24
26 25 26 22
27 19 27 19
28 27 28 24
29 27 29 30
30 31 30 24
31 29 31 30
32 27 32 3
33 32 33 12
34 35 34 30
35 33 35 19
36 10 36 10

current sentence = 2
1 5 1 9
2 1 2 1
3 5 3 17
4 5 4 17
5 11 5 12
6 9 6 1
7 8 7 1
8 9 8 1
9 0 9 0
10 9 10 1
11 9 11 18
12 11 12 11
13 14 13 8
14 12 14 18
15 14 15 11
16 17 16 12
17 15 17 12
18 11 18 9

current sentence = 3
1 16 1 9
2 4 2 1
3 2 3 2
4 1 4 1
5 16 5 17
6 16 6 8
7 8 7 8
8 16 8 1
9 12 9 4
10 11 10 11
11 12 11 4
12 8 12 1
13 16 13 2
14 16 14 8
15 16 15 8
16 0 16 0
17 16 17 8

current sentence = 4
1 2 1 2
2 8 2 13
3 5 3 8
4 5 4 5
5 0 5 0
6 5 6 8
7 8 7 5
8 5 8 10
9 8 9 5
10 11 10 5
11 8 11 18
12 11 12 11
13 12 13 1
14 15 14 2
15 13 15 13
16 15 16 18
17 16 17 11
18 19 18 19
19 17 19 13
20 8 20 5

current sentence = 5
1 10 1 11
2 1 2 1
3 10 3 2
4 6 4 6
5 6 5 2
6 10 6 1
7 6 7 11
8 9 8 9
9 7 9 1
10 0 10 0
11 13 11 3
12 13 12 11
13 14 13 9
14 10 14 1
15 14 15 2
16 17 16 27
17 14 17 1
18 17 18 1
19 18 19 11
20 19 20 1
21 20 21 11
22 23 22 1
23 21 23 1
24 21 24 8
25 26 25 9
26 24 26 1
27 10 27 10

current sentence = 1
1 7 1 19
2 1 2 1
3 7 3 24
4 6 4 34
5 6 5 4
6 7 6 19
7 10 7 19
8 7 8 24
9 8 9 30
10 0 10 0
11 10 11 9
12 10 12 3
13 14 13 9
14 12 14 13
15 10 15 3
16 15 16 12
17 18 17 9
18 16 18 19
19 10 19 30
20 24 20 6
21 23 21 17
22 23 22 17
23 24 23 19
24 27 24 19
25 24 25 24
26 25 26 22
27 19 27 19
28 27 28 24
29 27 29 30
30 31 30 24
31 29 31 30
32 27 32 3
33 32 33 12
34 35 34 30
35 33 35 19
36 10 36 10

current sentence = 2
1 5 1 9
2 1 2 1
3 5 3 17
4 5 4 17
5 11 5 12
6 9 6 1
7 8 7 1
8 9 8 1
9 0 9 0
10 9 10 1
11 9 11 18
12 11 12 11
13 14 13 8
14 12 14 18
15 14 15 11
16 17 16 12
17 15 17 12
18 11 18 9

current sentence = 3
1 16 1 9
2 4 2 1
3 2 3 2
4 1 4 1
5 16 5 17
6 16 6 8
7 8 7 8
8 16 8 1
9 12 9 4
10 11 10 11
11 12 11 4
12 8 12 1
13 16 13 2
14 16 14 8
15 16 15 8
16 0 16 0
17 16 17 8

current sentence = 4
1 2 1 2
2 8 2 13
3 5 3 8
4 5 4 5
5 0 5 0
6 5 6 8
7 8 7 5
8 5 8 10
9 8 9 5
10 11 10 5
11 8 11 18
12 11 12 11
13 12 13 1
14 15 14 2
15 13 15 13
16 15 16 18
17 16 17 11
18 19 18 19
19 17 19 13
20 8 20 5

current sentence = 5
1 10 1 11
2 1 2 1
3 10 3 2
4 6 4 6
5 6 5 2
6 10 6 1
7 6 7 11
8 9 8 9
9 7 9 1
10 0 10 0
11 13 11 3
12 13 12 11
13 14 13 9
14 10 14 1
15 14 15 2
16 17 16 27
17 14 17 1
18 17 18 1
19 18 19 11
20 19 20 1
21 20 21 11
22 23 22 1
23 21 23 1
24 21 24 8
25 26 25 9
26 24 26 1
27 10 27 10

current sentence = 1
1 7 1 19
2 1 2 1
3 7 3 24
4 6 4 34
5 6 5 4
6 7 6 19
7 10 7 19
8 7 8 24
9 8 9 30
10 0 10 0
11 10 11 9
12 10 12 3
13 14 13 9
14 12 14 13
15 10 15 3
16 15 16 12
17 18 17 9
18 16 18 19
19 10 19 30
20 24 20 6
21 23 21 17
22 23 22 17
23 24 23 19
24 27 24 19
25 24 25 24
26 25 26 22
27 19 27 36
28 27 28 24
29 27 29 30
30 31 30 24
31 29 31 30
32 27 32 3
33 32 33 12
34 35 34 30
35 33 35 19
36 10 36 10

current sentence = 2
1 5 1 9
2 1 2 1
3 5 3 17
4 5 4 17
5 11 5 12
6 9 6 1
7 8 7 1
8 9 8 1
9 0 9 0
10 9 10 1
11 9 11 18
12 11 12 11
13 14 13 8
14 12 14 18
15 14 15 11
16 17 16 12
17 15 17 12
18 11 18 9

current sentence = 3
1 16 1 9
2 4 2 1
3 2 3 2
4 1 4 1
5 16 5 13
6 16 6 14
7 8 7 8
8 16 8 14
9 12 9 4
10 11 10 11
11 12 11 4
12 8 12 1
13 16 13 2
14 16 14 5
15 16 15 8
16 0 16 0
17 16 17 8

current sentence = 4
1 2 1 2
2 8 2 13
3 5 3 8
4 5 4 5
5 0 5 0
6 5 6 8
7 8 7 10
8 5 8 10
9 8 9 5
10 11 10 5
11 8 11 18
12 11 12 11
13 12 13 1
14 15 14 2
15 13 15 13
16 15 16 18
17 16 17 11
18 19 18 19
19 17 19 13
20 8 20 5

current sentence = 5
1 10 1 11
2 1 2 1
3 10 3 2
4 6 4 6
5 6 5 2
6 10 6 1
7 6 7 11
8 9 8 9
9 7 9 1
10 0 10 0
11 13 11 3
12 13 12 11
13 14 13 9
14 10 14 1
15 14 15 2
16 17 16 27
17 14 17 27
18 17 18 1
19 18 19 11
20 19 20 1
21 20 21 11
22 23 22 1
23 21 23 1
24 21 24 8
25 26 25 9
26 24 26 1
27 10 27 10

current sentence = 1
1 7 1 19
2 1 2 1
3 7 3 24
4 6 4 34
5 6 5 4
6 7 6 19
7 10 7 19
8 7 8 24
9 8 9 30
10 0 10 0
11 10 11 9
12 10 12 3
13 14 13 9
14 12 14 13
15 10 15 3
16 15 16 12
17 18 17 9
18 16 18 19
19 10 19 30
20 24 20 6
21 23 21 17
22 23 22 17
23 24 23 19
24 27 24 19
25 24 25 24
26 25 26 22
27 19 27 36
28 27 28 24
29 27 29 30
30 31 30 24
31 29 31 30
32 27 32 3
33 32 33 12
34 35 34 30
35 33 35 19
36 10 36 10

current sentence = 2
1 5 1 9
2 1 2 1
3 5 3 17
4 5 4 17
5 11 5 12
6 9 6 1
7 8 7 1
8 9 8 1
9 0 9 0
10 9 10 1
11 9 11 18
12 11 12 11
13 14 13 8
14 12 14 18
15 14 15 11
16 17 16 12
17 15 17 12
18 11 18 9

current sentence = 3
1 16 1 9
2 4 2 1
3 2 3 2
4 1 4 1
5 16 5 13
6 16 6 14
7 8 7 8
8 16 8 14
9 12 9 4
10 11 10 11
11 12 11 4
12 8 12 1
13 16 13 2
14 16 14 5
15 16 15 8
16 0 16 0
17 16 17 8

current sentence = 4
1 2 1 2
2 8 2 13
3 5 3 8
4 5 4 5
5 0 5 0
6 5 6 8
7 8 7 10
8 5 8 10
9 8 9 5
10 11 10 5
11 8 11 18
12 11 12 11
13 12 13 1
14 15 14 2
15 13 15 13
16 15 16 18
17 16 17 11
18 19 18 19
19 17 19 13
20 8 20 5

current sentence = 5
1 10 1 11
2 1 2 1
3 10 3 2
4 6 4 6
5 6 5 2
6 10 6 1
7 6 7 11
8 9 8 9
9 7 9 1
10 0 10 0
11 13 11 3
12 13 12 11
13 14 13 9
14 10 14 1
15 14 15 2
16 17 16 27
17 14 17 27
18 17 18 1
19 18 19 11
20 19 20 1
21 20 21 11
22 23 22 1
23 21 23 1
24 21 24 8
25 26 25 9
26 24 26 1
27 10 27 10

current sentence = 1
1 7 1 19
2 1 2 1
3 7 3 24
4 6 4 34
5 6 5 4
6 7 6 19
7 10 7 19
8 7 8 24
9 8 9 30
10 0 10 0
11 10 11 9
12 10 12 3
13 14 13 9
14 12 14 13
15 10 15 3
16 15 16 12
17 18 17 9
18 16 18 19
19 10 19 30
20 24 20 6
21 23 21 17
22 23 22 17
23 24 23 19
24 27 24 19
25 24 25 24
26 25 26 22
27 19 27 36
28 27 28 24
29 27 29 30
30 31 30 24
31 29 31 30
32 27 32 3
33 32 33 12
34 35 34 30
35 33 35 19
36 10 36 10

current sentence = 2
1 5 1 9
2 1 2 1
3 5 3 17
4 5 4 17
5 11 5 12
6 9 6 1
7 8 7 1
8 9 8 1
9 0 9 0
10 9 10 1
11 9 11 18
12 11 12 11
13 14 13 8
14 12 14 18
15 14 15 11
16 17 16 12
17 15 17 12
18 11 18 9

current sentence = 3
1 16 1 9
2 4 2 1
3 2 3 2
4 1 4 1
5 16 5 13
6 16 6 14
7 8 7 8
8 16 8 14
9 12 9 4
10 11 10 11
11 12 11 4
12 8 12 1
13 16 13 2
14 16 14 5
15 16 15 8
16 0 16 0
17 16 17 8

current sentence = 4
1 2 1 2
2 8 2 13
3 5 3 8
4 5 4 5
5 0 5 0
6 5 6 8
7 8 7 10
8 5 8 10
9 8 9 5
10 11 10 5
11 8 11 18
12 11 12 11
13 12 13 1
14 15 14 2
15 13 15 13
16 15 16 18
17 16 17 11
18 19 18 19
19 17 19 13
20 8 20 5

current sentence = 5
1 10 1 11
2 1 2 1
3 10 3 2
4 6 4 6
5 6 5 2
6 10 6 1
7 6 7 11
8 9 8 9
9 7 9 1
10 0 10 0
11 13 11 3
12 13 12 11
13 14 13 9
14 10 14 1
15 14 15 2
16 17 16 27
17 14 17 27
18 17 18 1
19 18 19 11
20 19 20 1
21 20 21 11
22 23 22 1
23 21 23 1
24 21 24 8
25 26 25 9
26 24 26 1
27 10 27 10

current sentence = 1
1 7 1 19
2 1 2 1
3 7 3 24
4 6 4 34
5 6 5 4
6 7 6 19
7 10 7 19
8 7 8 24
9 8 9 30
10 0 10 0
11 10 11 9
12 10 12 3
13 14 13 9
14 12 14 13
15 10 15 3
16 15 16 12
17 18 17 9
18 16 18 19
19 10 19 30
20 24 20 6
21 23 21 17
22 23 22 17
23 24 23 19
24 27 24 19
25 24 25 24
26 25 26 22
27 19 27 36
28 27 28 24
29 27 29 30
30 31 30 24
31 29 31 30
32 27 32 3
33 32 33 12
34 35 34 30
35 33 35 19
36 10 36 10

current sentence = 2
1 5 1 9
2 1 2 1
3 5 3 17
4 5 4 17
5 11 5 12
6 9 6 1
7 8 7 1
8 9 8 1
9 0 9 0
10 9 10 1
11 9 11 18
12 11 12 11
13 14 13 8
14 12 14 18
15 14 15 11
16 17 16 12
17 15 17 12
18 11 18 9

current sentence = 3
1 16 1 9
2 4 2 1
3 2 3 2
4 1 4 1
5 16 5 13
6 16 6 14
7 8 7 8
8 16 8 14
9 12 9 4
10 11 10 11
11 12 11 4
12 8 12 1
13 16 13 2
14 16 14 5
15 16 15 8
16 0 16 0
17 16 17 8

current sentence = 4
1 2 1 2
2 8 2 13
3 5 3 8
4 5 4 5
5 0 5 0
6 5 6 8
7 8 7 10
8 5 8 10
9 8 9 5
10 11 10 5
11 8 11 18
12 11 12 11
13 12 13 1
14 15 14 2
15 13 15 13
16 15 16 18
17 16 17 11
18 19 18 19
19 17 19 13
20 8 20 5

current sentence = 5
1 10 1 11
2 1 2 1
3 10 3 2
4 6 4 6
5 6 5 2
6 10 6 1
7 6 7 11
8 9 8 9
9 7 9 1
10 0 10 0
11 13 11 13
12 13 12 11
13 14 13 9
14 10 14 1
15 14 15 2
16 17 16 27
17 14 17 27
18 17 18 1
19 18 19 11
20 19 20 1
21 20 21 11
22 23 22 1
23 21 23 1
24 21 24 8
25 26 25 9
26 24 26 1
27 10 27 10

current sentence = 1
1 7 1 19
2 1 2 1
3 7 3 24
4 6 4 34
5 6 5 4
6 7 6 19
7 10 7 19
8 7 8 24
9 8 9 30
10 0 10 0
11 10 11 9
12 10 12 3
13 14 13 9
14 12 14 13
15 10 15 3
16 15 16 12
17 18 17 9
18 16 18 19
19 10 19 30
20 24 20 6
21 23 21 17
22 23 22 17
23 24 23 19
24 27 24 19
25 24 25 24
26 25 26 22
27 19 27 36
28 27 28 24
29 27 29 30
30 31 30 24
31 29 31 30
32 27 32 3
33 32 33 12
34 35 34 30
35 33 35 19
36 10 36 10

current sentence = 2
1 5 1 9
2 1 2 1
3 5 3 17
4 5 4 17
5 11 5 12
6 9 6 1
7 8 7 1
8 9 8 1
9 0 9 0
10 9 10 1
11 9 11 18
12 11 12 11
13 14 13 8
14 12 14 18
15 14 15 11
16 17 16 12
17 15 17 12
18 11 18 9

current sentence = 3
1 16 1 9
2 4 2 1
3 2 3 2
4 1 4 1
5 16 5 13
6 16 6 14
7 8 7 8
8 16 8 14
9 12 9 4
10 11 10 11
11 12 11 4
12 8 12 1
13 16 13 2
14 16 14 5
15 16 15 8
16 0 16 0
17 16 17 8

current sentence = 4
1 2 1 2
2 8 2 13
3 5 3 4
4 5 4 5
5 0 5 0
6 5 6 4
7 8 7 10
8 5 8 10
9 8 9 5
10 11 10 5
11 8 11 18
12 11 12 11
13 12 13 1
14 15 14 2
15 13 15 13
16 15 16 18
17 16 17 11
18 19 18 19
19 17 19 13
20 8 20 5

current sentence = 5
1 10 1 11
2 1 2 1
3 10 3 2
4 6 4 6
5 6 5 2
6 10 6 1
7 6 7 11
8 9 8 9
9 7 9 1
10 0 10 0
11 13 11 13
12 13 12 11
13 14 13 9
14 10 14 1
15 14 15 2
16 17 16 27
17 14 17 27
18 17 18 1
19 18 19 11
20 19 20 1
21 20 21 11
22 23 22 1
23 21 23 1
24 21 24 8
25 26 25 9
26 24 26 1
27 10 27 10

current sentence = 1
1 7 1 19
2 1 2 1
3 7 3 24
4 6 4 34
5 6 5 4
6 7 6 19
7 10 7 19
8 7 8 24
9 8 9 30
10 0 10 0
11 10 11 9
12 10 12 3
13 14 13 9
14 12 14 13
15 10 15 3
16 15 16 12
17 18 17 9
18 16 18 19
19 10 19 30
20 24 20 6
21 23 21 17
22 23 22 17
23 24 23 19
24 27 24 19
25 24 25 24
26 25 26 22
27 19 27 36
28 27 28 24
29 27 29 30
30 31 30 24
31 29 31 30
32 27 32 3
33 32 33 12
34 35 34 30
35 33 35 19
36 10 36 10

current sentence = 2
1 5 1 9
2 1 2 1
3 5 3 17
4 5 4 17
5 11 5 12
6 9 6 1
7 8 7 1
8 9 8 1
9 0 9 0
10 9 10 1
11 9 11 18
12 11 12 11
13 14 13 8
14 12 14 18
15 14 15 11
16 17 16 12
17 15 17 12
18 11 18 9

current sentence = 3
1 16 1 9
2 4 2 1
3 2 3 2
4 1 4 1
5 16 5 13
6 16 6 14
7 8 7 8
8 16 8 14
9 12 9 4
10 11 10 11
11 12 11 4
12 8 12 1
13 16 13 2
14 16 14 5
15 16 15 8
16 0 16 0
17 16 17 16

current sentence = 4
1 2 1 2
2 8 2 13
3 5 3 4
4 5 4 5
5 0 5 0
6 5 6 4
7 8 7 10
8 5 8 10
9 8 9 5
10 11 10 5
11 8 11 18
12 11 12 11
13 12 13 1
14 15 14 2
15 13 15 13
16 15 16 18
17 16 17 11
18 19 18 19
19 17 19 13
20 8 20 8

current sentence = 5
1 10 1 11
2 1 2 1
3 10 3 2
4 6 4 6
5 6 5 2
6 10 6 1
7 6 7 11
8 9 8 9
9 7 9 1
10 0 10 0
11 13 11 4
12 13 12 11
13 14 13 9
14 10 14 1
15 14 15 2
16 17 16 27
17 14 17 27
18 17 18 1
19 18 19 11
20 19 20 1
21 20 21 11
22 23 22 1
23 21 23 1
24 21 24 8
25 26 25 9
26 24 26 1
27 10 27 10

current sentence = 1
1 7 1 19
2 1 2 1
3 7 3 24
4 6 4 34
5 6 5 4
6 7 6 19
7 10 7 19
8 7 8 24
9 8 9 30
10 0 10 0
11 10 11 9
12 10 12 3
13 14 13 9
14 12 14 13
15 10 15 3
16 15 16 12
17 18 17 9
18 16 18 19
19 10 19 30
20 24 20 6
21 23 21 17
22 23 22 17
23 24 23 19
24 27 24 19
25 24 25 24
26 25 26 22
27 19 27 36
28 27 28 24
29 27 29 30
30 31 30 24
31 29 31 30
32 27 32 3
33 32 33 12
34 35 34 30
35 33 35 19
36 10 36 10

current sentence = 2
1 5 1 9
2 1 2 1
3 5 3 17
4 5 4 17
5 11 5 12
6 9 6 1
7 8 7 1
8 9 8 1
9 0 9 0
10 9 10 1
11 9 11 18
12 11 12 11
13 14 13 8
14 12 14 18
15 14 15 11
16 17 16 12
17 15 17 12
18 11 18 9

current sentence = 3
1 16 1 9
2 4 2 1
3 2 3 2
4 1 4 1
5 16 5 13
6 16 6 14
7 8 7 8
8 16 8 14
9 12 9 4
10 11 10 11
11 12 11 4
12 8 12 1
13 16 13 2
14 16 14 5
15 16 15 8
16 0 16 0
17 16 17 16

current sentence = 4
1 2 1 2
2 8 2 13
3 5 3 4
4 5 4 5
5 0 5 0
6 5 6 4
7 8 7 10
8 5 8 20
9 8 9 5
10 11 10 5
11 8 11 18
12 11 12 11
13 12 13 1
14 15 14 2
15 13 15 13
16 15 16 18
17 16 17 11
18 19 18 19
19 17 19 13
20 8 20 5

current sentence = 5
1 10 1 11
2 1 2 1
3 10 3 2
4 6 4 6
5 6 5 2
6 10 6 1
7 6 7 11
8 9 8 9
9 7 9 1
10 0 10 0
11 13 11 4
12 13 12 11
13 14 13 9
14 10 14 1
15 14 15 2
16 17 16 27
17 14 17 27
18 17 18 1
19 18 19 11
20 19 20 1
21 20 21 11
22 23 22 1
23 21 23 1
24 21 24 8
25 26 25 9
26 24 26 1
27 10 27 10

