1 7
2 1
3 7
4 6
5 6
6 7
7 10
8 7
9 8
10 0
11 10
12 10
13 14
14 12
15 10
16 15
17 18
18 16
19 10
20 24
21 23
22 23
23 24
24 27
25 24
26 25
27 19
28 27
29 27
30 31
31 29
32 27
33 32
34 35
35 33
36 10

1 5
2 1
3 5
4 5
5 11
6 9
7 8
8 9
9 0
10 9
11 9
12 11
13 14
14 12
15 14
16 17
17 15
18 11

1 16
2 4
3 2
4 1
5 16
6 16
7 8
8 16
9 12
10 11
11 12
12 8
13 16
14 16
15 16
16 0
17 16

1 2
2 8
3 5
4 5
5 0
6 5
7 8
8 5
9 8
10 11
11 8
12 11
13 12
14 15
15 13
16 15
17 16
18 19
19 17
20 8

1 10
2 1
3 10
4 6
5 6
6 10
7 6
8 9
9 7
10 0
11 13
12 13
13 14
14 10
15 14
16 17
17 14
18 17
19 18
20 19
21 20
22 23
23 21
24 21
25 26
26 24
27 10

