#ifndef FEATURE_SIZE
#define FEATURE_SIZE 10
#endif

#ifndef NO_OF_POSTAGS
#define NO_OF_POSTAGS 50
#endif

#ifndef NO_OF_POSTAGS_WITHOUT_DUMMY
#define NO_OF_POSTAGS_WITHOUT_DUMMY 45
#endif

#ifndef MAX_DISTANCE
#define MAX_DISTANCE 49
#endif

#ifndef NO_OF_DISTANCE
#define NO_OF_DISTANCE 24
#endif

#ifndef BATCH_SIZE
#define BATCH_SIZE 100
#endif

#ifndef LEARNING_RATE
#define LEARNING_RATE 0.02
#endif

//no need for learning decay, use adagrad
#ifndef LEARNING_DECAY
#define LEARNING_DECAY 0.00001
#endif

#ifndef NO_OF_EPOCH
#define NO_OF_EPOCH 10
#endif

#ifndef EPSILON
#define EPSILON 0.0001
#endif
Epoch number: 1
Matrix C1
 -0.0317869   -0.115644  0.00582132   0.0164666   0.0210691   0.0934053    0.109554   -0.203262    0.177678    0.114043
   0.485527    0.137775    0.231639  -0.0472627   -0.255202  -0.0438964   -0.212526    0.840561   -0.376613   -0.543859
  -0.276768  -0.0893316   -0.230388  -0.0129321   -0.131762     0.14204   0.0730206   -0.340173    0.128933   0.0344829
   0.157008   -0.108505  -0.0949217     0.17976    0.252209   -0.195669    0.184983   -0.383415  -0.0490399    0.485759
  -0.523459   -0.205268   0.0636525   0.0329327   0.0334775   0.0294819   -0.112307  -0.0475669  -0.0414819   -0.194775
   -0.20604     0.15738    0.114188   -0.271878   -0.116768    0.273214  -0.0668819   -0.131193    0.214646   -0.332781
  0.0271763    0.164553    0.131044    -0.15081     0.12541   0.0244358   -0.147313    0.107147    0.164074   -0.052035
 -0.0481891   -0.161853     0.07582  -0.0778099  -0.0201281  -0.0541452   -0.173984    0.405248   -0.180836 -0.00644654
   -0.16855 -0.00886644    0.265086    0.067828   -0.261213    0.258096  -0.0401293 -0.00387266    0.195542   -0.300804
 -0.0708366    0.112266  -0.0430454  -0.0155828    0.192034   0.0133413   0.0674798   -0.366785     0.24352  -0.0308395

End of matrix C1
Matrix C2
 0.0848649  -0.080378  0.0148675  -0.222031   0.247529   0.232413   0.188432  -0.572418   0.310631  0.0492031
    0.5987  0.0491112 -0.0365569  0.0521609   0.100875 -0.0503016  0.0230841  0.0915911   -0.29402  -0.295172
  -0.37288  0.0126067  -0.273917 -0.0283306 -0.0751853 -0.0489266  -0.140914  -0.220381  0.0414349  0.0924141
  0.221765  0.0209582  0.0380832 -0.0918358 -0.0544734   0.286182   0.288826  -0.126457  0.0696383  -0.139141
  -0.27483 0.00252341 -0.0231379 -0.0292262   0.244564   0.048041  -0.178221 -0.0722109 -0.0261865  -0.300589
 -0.391783   0.174729 -0.0242361 -0.0664487 -0.0958791    0.11888   -0.11229  -0.133446   0.150636  -0.284445
  0.318599   0.320318  -0.267924   0.072385   0.687998 -0.0608462  0.0115352  -0.587467   0.219826   0.195625
  0.160988  -0.358324   0.219398  -0.261612   0.046899   0.179774 -0.0204532   0.193559  -0.061509 -0.0766017
-0.0265984  0.0429803   0.177958   0.132429  0.0636422  0.0395158 -0.0630837  -0.179114   0.117743  0.0531276
-0.0772551 -0.0614595    0.20377   0.101062  -0.224031  0.0922411   0.102739   0.183427    0.20637 -0.0500377

End of matrix C2
Matrix C3
  -0.317249   -0.127646   0.0199428   -0.048986   -0.141442   0.0437326  -0.0281369   -0.155666    0.117274 -0.00520302
   0.562887   0.0237768    0.333947   -0.146097    -0.04388   0.0866323   -0.138294    0.602384   -0.238152   -0.508191
  -0.404938  -0.0586453   -0.375274  -0.0366477   -0.290303    0.148926   0.0564814   -0.322174   0.0633566   -0.157622
  0.0175201   -0.115962   0.0564186    0.194328    0.136144   -0.305075   0.0544111   -0.105747   -0.107521    0.592415
  -0.324829  -0.0339168  -0.0682489   0.0798143   0.0403006   0.0162689   -0.103621   0.0347581  -0.0705155   -0.313832
  0.0102942    0.293255  -0.0462122   -0.429497   -0.117012    0.186302  -0.0944513  -0.0184366   0.0628813   -0.305733
   0.371344  -0.0919169    0.308101   -0.306121   0.0243526    0.197872   -0.223024    0.414764  0.00134273   -0.196615
 -0.0925933   -0.151603    0.107961   0.0115201   0.0211165   -0.150027       -0.13    0.368106   -0.133429    0.158663
  -0.164714    0.278387    0.129538    0.222256   -0.127136   0.0218492  0.00405296  -0.0966187    0.217283   -0.012627
    0.33304    0.160467   0.0165831    0.025732    0.312471  -0.0961543    0.116602  -0.0748795    0.126978    0.201113

End of matrix C3
Matrix C4
 -0.256289 -0.0303851  -0.184264  0.0122889   0.102243  -0.141954 -0.0622022  -0.359798   0.012431   0.286445
  0.281039 -0.0803959   0.170711   0.240103 -0.0587021  -0.392333  -0.366032   0.674899  -0.558341  -0.177419
 -0.488242  0.0374886  -0.473304  -0.087055   -0.13255  0.0322892  -0.112076  -0.343751  0.0262506 -0.0844078
  0.223806  -0.340304   0.480482   0.209283   -0.19137   0.308835   0.343499   0.173459   0.119234  0.0418787
 -0.198871 -0.0276542 -0.0667636  -0.106014   0.113437 -0.0462796  -0.207632  0.0973725   -0.17951  -0.234643
 -0.104197  0.0149833   0.197113  -0.585709   -0.39601   0.750981   0.329923 -0.0773844   0.488485  -0.826851
  0.200023 -0.0111009   0.195089  -0.135634  0.0950658   0.125762 -0.0785832   0.214138   0.091837 -0.0800201
-0.0315933 -0.0989233  0.0291999   0.129796   0.120313  -0.281875  -0.179393   0.231893  -0.260106   0.304244
 -0.203147   0.388992  -0.149457  0.0471899   0.195629 -0.0713382  0.0358652  -0.555791   0.235203  0.0257037
   0.55068   0.133207   0.246961 -0.0712132   0.242552   0.427079   0.561801  -0.389335    0.60892 -0.0523881

End of matrix C4
Matrix C5
 -0.0405751   -0.351302    0.147528  -0.0837742   -0.104236    0.212367    0.185743  -0.0951148    0.211361  -0.0256938
   0.669315   0.0222574     0.26027  -0.0711827    0.231754   0.0136903  -0.0264692    0.141997  -0.0616992   -0.319275
  -0.534156   -0.251301   -0.247696   0.0126512   -0.331392  -0.0208477   -0.157915  -0.0959871  -0.0781712   0.0352451
  0.0420278   -0.221386    0.277529    0.119376   -0.271545   0.0881442    0.224393    0.155269 -0.00772275    0.200894
  -0.348397    0.206985   -0.392141   0.0594985    0.474794  -0.0769857  -0.0944633   -0.519924  -0.0417166   -0.235201
 -0.0700836    0.181675   -0.097728    -0.18539  -0.0107937     0.27011   0.0135643   -0.324056    0.194087   -0.375558
   0.576358    0.439953   0.0428776   -0.118541    0.563096    0.102438    -0.19564   0.0224107    0.194515  -0.0718671
   0.163979   -0.156155   -0.127734   -0.199067    0.439108   0.0872347     0.25783   -0.528311    0.131126    0.206496
  -0.404406  -0.0287141  -0.0708678    0.116361    0.203127   0.0660315    0.210495   -0.998306    0.280069  0.00438339
   0.391675    0.568339    -0.26995   0.0302821    0.504775  0.00755169    0.126257   -0.404103    0.212887   0.0279269

End of matrix C5
Matrix R
    -0.558709     -0.838729      0.105352      0.344189     -0.537921     0.0106997     0.0683906     -0.217956    0.00558849     -0.498819     -0.176059     -0.125464     -0.102033     -0.295632    -0.0391177     0.0887766     -0.134035       -0.2081     -0.354705     -0.352464    -0.0830787    0.00161074     -0.519395     -0.477553     -0.887081     -0.141852      -0.23286     -0.128514      0.098801      0.100677     0.0184813    -0.0990124      0.140686     0.0805901    -0.0386906   -0.00796826      0.616827    -0.0372578    -0.0285115       0.10868     -0.131428    -0.0131082    -0.0470959    0.00722706      0.152755     0.0348939     0.0576221     0.0385448    0.00130973    -0.0634849
    -0.454468      0.193399      0.493852     -0.537033     -0.243497      0.141525     0.0199912     0.0451593      0.136048     -0.587949     0.0112756    -0.0872389     0.0328704     -0.346364      0.160441      0.237293      -0.17219     -0.307514     0.0411153     0.0206916    -0.0517187    -0.0834981    -0.0717115     -0.357534      0.182101    -0.0582473    -0.0287487    -0.0443588     0.0411747      0.104723    -0.0106133      0.127564      0.110386     0.0450572     0.0143071     0.0160767     -0.231709     -0.205643     0.0990603    -0.0248762     0.0930069     0.0990905    -0.0741903    0.00426356      0.200478      0.036024      0.116472     -0.229445      0.173179   -0.00719767
     -0.37469     -0.524717      -0.10416       0.65493      0.304341     0.0454995     -0.109291    -0.0683201     0.0666683    0.00295343    -0.0769641     -0.123316     -0.166625      0.152196    -0.0651844    -0.0107195     -0.126689     -0.184915     -0.147128     -0.120582      0.122311     0.0520122     -0.023525     0.0510574     -0.515594     0.0445607    -0.0887136     -0.108312      0.194817     0.0640021   0.000821938    -0.0181326     -0.185745     0.0576591      0.244356     0.0667779    -0.0353772    -0.0952966     -0.213356    -0.0955587    -0.0155241    -0.0266058      0.117403     0.0905076      0.194052     -0.111014     -0.159479     0.0518252     0.0964528     -0.127435
     0.156903      0.635692      0.142856      0.173415    -0.0997345      0.108852     0.0181704     0.0279123    0.00994011     -0.066104     -0.512551    -0.0911481      0.258965     0.0661734    -0.0562089     -0.258537    -0.0465219     0.0448493   -0.00552111     -0.220654      0.226519     -0.251331     0.0954705    -0.0361882     -0.388051     0.0350372      0.021443    -0.0581417     0.0650802      0.163025   -0.00788057    -0.0325173    -0.0943807     0.0289277    -0.0466544     -0.185006     0.0704175     0.0497568      0.198181    -0.0665557     0.0232541     -0.143776    -0.0264061     -0.125658     0.0908947     0.0464569     -0.145538      0.117035      0.109725      0.108663
     0.145659     -0.118719      0.433217     -0.539338     -0.623788    -0.0476625    -0.0198931     0.0697367     0.0307244     -0.343114     -0.800412     -0.169972    -0.0649737     -0.218831    -0.0284282     0.0598391     -0.230177     -0.219716     -0.186105     -0.118024     0.0671062     -0.191564    -0.0912649     -0.123388     -0.387511    -0.0427748     -0.240542    -0.0940889     -0.114711    -0.0672626   -0.00670814      -0.16673     0.0405941      0.071834    -0.0824911     -0.251536     -0.519658     0.0131135     -0.163431      0.103216       0.12676    0.00366179       0.11216      -0.14519     -0.152194     0.0881507     0.0349551    -0.0375073     -0.127926     -0.177986
    -0.139318      -0.84645      0.279836     -0.380514      0.595961     -0.197483     0.0514072    -0.0189648     0.0625522      0.116034      0.430601      0.208447    -0.0895105     0.0814194      0.114726       0.10192    -0.0792049     -0.132591    -0.0343837   -0.00396614    -0.0388334     0.0137469    -0.0694402     0.0613021    -0.0471001      0.113096     0.0382838      0.127751     -0.132903   -0.00334153     0.0942832      0.259244     0.0577775      0.197249     0.0753817      0.221355     0.0409231     -0.295653    0.00238647    -0.0358857       0.21489      0.100239    -0.0076231      0.155698      -0.01632      0.161531    -0.0834362     0.0908096     0.0458805     -0.113575
     0.385652     -0.655851      0.692852     -0.118999     0.0692848     0.0501482     0.0594224     -0.112555      0.117586    -0.0247358     0.0461973     -0.220278      0.107829    -0.0307301   -0.00646957     0.0348653     -0.133988    -0.0672035    -0.0439647     -0.015613     -0.181684     0.0176327      0.105328      0.054635     -0.274585     0.0650309   -0.00998041     0.0134235    -0.0357979    0.00623045      0.168152    -0.0843517     0.0561803      0.066292   -0.00786978      0.110755      0.335513    -0.0883035   -0.00429193    -0.0731133     -0.107327      0.141334   -0.00787302     -0.370531     -0.019566    -0.0731951      0.040546    -0.0820248     -0.127708      0.217143
     -1.07293      0.185685      -1.17341       1.34311      0.285958    -0.0953035    -0.0460168    -0.0852922     -0.105655     -0.150401      0.123636      0.137288     0.0545962    -0.0866359     -0.263864     -0.149859      0.124972    0.00490252     -0.195028     -0.117229      0.122651     0.0845589     -0.126511     -0.293252     -0.115158     0.0317747     -0.149296   -0.00134082      -0.16111      0.188332    -0.0828195     -0.134672    -0.0980106      0.236899      0.106114    -0.0319718      0.527155     -0.112534     0.0780661     0.0486887       0.12266       0.13712     -0.198331     0.0391742     -0.179658     -0.133192     0.0679576     -0.275865     -0.136567     0.0422067
    0.0636967     -0.611377       1.05135     -0.465157      0.265054      0.230142    -0.0463266      0.120219    -0.0642957    -0.0795308    0.00539795     0.0778943     0.0527957      0.237625    -0.0904302     0.0606893     -0.161768     -0.208839     0.0834773       0.03048     0.0572689    -0.0764803    -0.0273147      0.045891    -0.0441845     -0.103609     -0.135134    -0.0152712     -0.116877      0.126972     0.0835974     0.0412935    -0.0283447    -0.0797132      0.055996      0.206552     -0.362273    -0.0429649     0.0748814      0.042879      0.128757        -0.102    -0.0672981     0.0902279     -0.067833     0.0902643     -0.067505      0.187931     0.0127109     0.0971342
     0.448428      0.544756      0.670219      0.429132     -0.746429      0.171769     0.0609656    0.00249973     -0.111574      0.318754      -0.51544     -0.101057      0.222052    -0.0233422       0.11794    -0.0910624     0.0866348      0.318717    -0.0853419    -0.0822516     0.0138628    -0.0271511      0.148954      0.244258     -0.284838 -5.17169e-005     0.0190885      0.155946     0.0668726     -0.103012    -0.0316023    -0.0694305    -0.0605072     0.0129871     0.0474435     -0.167554     0.0107829     -0.134918     0.0023597     0.0600551       0.03113      0.102236      0.149112      0.128061     -0.103061     0.0628627     -0.124346    -0.0624175   -0.00541986     0.0788783
End of matrix R
Epoch number: 2
Matrix C1
  -0.185364  -0.0283404   0.0415355    0.213598   -0.184054    0.166699    0.193998   -0.128388    0.471547   0.0703084
   0.650824    0.323977     0.18743   0.0868094   -0.149995   -0.266649      -0.161     1.00153   -0.419203    -0.30014
  -0.162391   0.0885075   -0.200356    -0.17083   -0.140039    0.250398   0.0728368    -0.32403     0.20482   0.0313269
  -0.272161    -0.53196   -0.136666     0.39205   0.0960929   -0.268344   0.0304637    -0.46534  -0.0835348     0.40845
  -0.482104   -0.401732   0.0347444    0.161941   0.0761831   -0.139818   0.0373699    -0.24094   -0.147436    0.109969
  -0.200655  0.00176751    0.250615   -0.298364   -0.152015    0.294098   -0.200446    0.142181   0.0264212    -0.41894
  -0.319003   0.0951154    0.238038    0.121021  -0.0121932  -0.0260185   -0.104045    0.266397    0.340997   -0.159877
  0.0298611  -0.0718468    -0.18129 0.000309463   0.0203539   -0.264622   -0.169453    0.384608   -0.335438    0.263888
   0.158813    0.110199    0.312939    0.202362   -0.591531     0.28981    0.155912    0.326296    0.151813   -0.279725
   0.111915   0.0549413   0.0324855  -0.0177268    0.269285    0.102968    0.146063   -0.462677    0.250013    -0.34199

End of matrix C1
Matrix C2
   0.324686   -0.276001  -0.0314359   -0.698325    0.184673    0.633897    0.518407    -1.04314    0.445552  -0.0424618
   0.521187   -0.187503   -0.116726   0.0496756   0.0779796 -0.00858154   0.0647308   -0.150349   -0.362891   -0.341658
  -0.235429    0.241765   -0.236028   -0.137704  -0.0121299  -0.0551851   -0.177924   -0.111289   0.0495157   0.0812488
   0.233996    0.213898   -0.249565   -0.265839   -0.325934    0.463367    0.500464   -0.286435    0.210457   -0.255572
  -0.581084    0.024666    0.133843  -0.0219957    0.274456   0.0719493   -0.313533 -0.00850972    0.185831   -0.325701
  -0.610267    -0.11326   0.0990665    0.146126   -0.166629  -0.0433358   -0.214981    0.014875  -0.0068081   -0.215749
    0.23642   0.0803256   -0.683342    0.342476      1.0983   -0.276336    0.102174    -1.25283   0.0914077    0.432084
 -0.0883142   -0.780065    0.173951   -0.593462    0.118323    0.343204  -0.0349998    -0.24863  -0.0772417   0.0437461
   0.139407   -0.177073    0.235131   0.0390775    0.195947    0.147622   0.0744165   -0.412401    0.120503    0.283836
  -0.243101    0.289189    0.395361    0.223793   -0.550166    0.329613    0.111268    0.480429    0.682467   -0.425106

End of matrix C2
Matrix C3
  -0.545756    -0.30996    0.122918  -0.0710781   -0.398892   -0.111476   -0.159221    0.083207 -0.00162576  0.00447649
   0.495929    0.272736    0.362755   -0.283921 -0.00446242    0.386984   0.0158127    0.177935   0.0219745   -0.739931
  -0.169957   -0.206829   -0.317461   -0.144977   -0.251166     0.21103    0.185339   -0.329691    0.044139   -0.160437
  -0.122058   -0.310349  -0.0878362    0.366235  -0.0786114   -0.815549   -0.211959    0.382824   -0.548104     0.81662
  -0.456516   -0.155201   -0.128682    0.133627  -0.0375836  -0.0204142   -0.134295  -0.0224906  -0.0502348   -0.355357
   0.530397    0.423096   -0.166018    -1.06215   0.0732456    0.113669    -0.23286   0.0764073   -0.297124   -0.237837
 -0.0767049    -0.29297    0.355039     -0.3482   0.0190385    0.352533   -0.344649    0.124576    0.123785   -0.261353
  -0.260223   -0.205749   0.0702354   0.0506378   -0.111725   -0.300361   -0.156683    0.392208   -0.196945    0.178173
  -0.150012    0.713815    0.120267    0.302831   -0.281523  -0.0163019   0.0288836   0.0804234    0.405241    0.105275
   0.336346    0.349669   -0.252043   -0.219404     0.55057   -0.246732   -0.121445   0.0820164  -0.0723922   0.0146372

End of matrix C3
Matrix C4
   -0.28415  0.00451384   -0.445957   0.0035257   0.0674059   -0.307682    -0.12301   -0.560576   -0.248411    0.415853
   0.326348   -0.330761    0.323117    0.178743     0.15409   -0.356806   -0.293877    0.587957   -0.483672  -0.0794164
  -0.469045   0.0348722   -0.451559  -0.0276627   -0.168241   0.0236563   -0.098144   -0.280641   0.0311788  -0.0358138
   0.283379   -0.496368    0.817306    0.634794    -0.23772    0.356805    0.453311    0.379857    0.178987   -0.111558
  -0.205279   -0.175974    0.115743  -0.0512742   0.0186205   -0.143325   -0.358484    0.302577   -0.358263   -0.252316
 -0.0760221  -0.0396169    0.414375   -0.636875   -0.613259    0.996854    0.469419   0.0806071    0.710891    -1.01335
  -0.105653   -0.198595    0.292413   0.0532595    0.136557   0.0041449   -0.185524    0.357793   0.0519139  -0.0411714
   0.185535  -0.0726455    0.244178   0.0757663    0.100394   -0.197457   -0.147982    0.235795    -0.29456    0.161111
  -0.406506    0.438908  -0.0877401    0.177163    0.279852  0.00185192    0.101995   -0.788711    0.408927   -0.149687
   0.426334    0.328322   -0.044709   0.0846024    0.309085    0.261672    0.475019   -0.569305    0.534038 0.000165201

End of matrix C4
Matrix C5
  0.0467092   -0.266203    0.144173   -0.196437   -0.389893    0.489003    0.143667    0.203005    0.450484   -0.214191
   0.684684   -0.409424    0.278555   0.0979467     0.43906   -0.250004    0.048197  -0.0232716   -0.383681   -0.199011
  -0.758837   -0.264723   -0.296668   -0.118575   -0.509664    0.156147   -0.306547  -0.0389689  0.00146468 0.000404114
   0.165833   -0.122156     0.33058    0.129237   -0.411738    0.211056    0.420785  -0.0698942    0.124533    0.255475
  -0.472566    0.647583   -0.467047    0.167324    0.528279  -0.0374384   -0.119263   -0.488731    0.194586   -0.371491
  -0.141154   -0.237262  -0.0630945   -0.253626   -0.384661    0.466687    0.209656   -0.433535    0.110633    -0.30306
   0.769941    0.805844    0.148681  -0.0582157    0.522842     0.17615   -0.275898    0.442729    0.299536    -0.27142
   0.428771   -0.120518   -0.392119   -0.164944    0.646178  -0.0424003    0.467135   -0.957928   0.0710238    0.685543
  -0.578664   -0.351254    0.149956    0.195375    0.345723   -0.102976   0.0576582    -1.02177    0.238879    0.274333
   0.752931     1.03483    -0.25271    0.190392    0.621347   -0.232107  0.00762033    -0.15269    0.258728     0.22562

End of matrix C5
Matrix R
  -0.304195   -0.588741   -0.194283   -0.250459   -0.625802  -0.0871703    0.136171   -0.389212  0.00222487   -0.464466     0.14137   -0.186155   -0.367532   -0.638434  -0.0283337   0.0586233   -0.362181   -0.538584   -0.425782   -0.202221  -0.0825013   -0.117125   -0.768762   -0.784838    -1.11176   -0.201787   -0.575506  -0.0936725    0.056835   0.0427632   -0.032308   -0.174225    0.128464   0.0805901  -0.0658138  -0.0753177    0.784486   -0.183991  -0.0285115    0.149507   -0.131428  -0.0131082  -0.0470959  0.00722706     0.15736   -0.135206    0.365648   -0.100377  -0.0531472   0.0313751
   -0.53333    0.509615    0.958786   -0.472106   -0.201673     0.19527    0.150782    0.298725    0.154595    -1.16084    0.176721  -0.0841133   -0.109398   -0.957879    0.215361    0.116486   -0.134633   -0.772718   -0.130387     0.14956  -0.0392573   0.0422794   0.0634976   -0.802735    0.192939    -0.10452   -0.189271  -0.0340239   0.0589944   0.0776209  -0.0186568    0.076113    0.107859   0.0450572  0.00737793   0.0229805   -0.249996   -0.249857   0.0990603   -0.063789   0.0930069   0.0990905  -0.0741903  0.00426356    0.202097    0.178281    0.460195   -0.430848    0.156456  -0.0320133
  -0.136332   -0.497712   -0.169426    0.629367    0.774808    0.041749   -0.172297   -0.219923   0.0906558     0.11975   0.0325922   -0.227509   -0.110254  0.00315661  -0.0170026  -0.0757583   -0.410872   -0.511657   -0.224972  -0.0924123    0.126486  -0.0841599   -0.140378    0.115761   -0.532262  -0.0793402   -0.232789  -0.0680359    0.276792   0.0346121  -0.0165299  -0.0174672   -0.189297   0.0576591    0.220717    0.066379   -0.235686   -0.125465   -0.213356  -0.0502135  -0.0155241  -0.0266058    0.117403   0.0905076     0.19654   -0.254609    -0.53866   0.0197519    0.206653   -0.038387
   0.306529    0.865303   0.0230624    0.261932    0.256991    0.122885  -0.0570445   0.0116911    0.104892   -0.261071   -0.620605   -0.561479    0.448187  0.00615784  -0.0887706   -0.900425   -0.164183   -0.101436     0.23082   -0.481772    0.229381    -0.38956    0.261212    -0.18794   -0.341222   -0.227141  -0.0173064   -0.109991   0.0551568    0.158515  -0.0178892 -0.00370495  -0.0907277   0.0289277  -0.0358166   -0.180055      0.1376   0.0792897    0.198181   -0.095291   0.0232541   -0.143776  -0.0264061   -0.125658   0.0946418    0.208054   -0.431318    0.253439     0.19881    0.231567
   0.496848    0.121823   -0.160496   -0.747701   -0.651602  -0.0467808  -0.0339213    0.129932   0.0615858   -0.518164    -1.08471  -0.0552865   -0.111483   -0.145182  -0.0467919    0.141049   -0.508404    -0.25121  0.00714087  -0.0120117   0.0623231   -0.302922   -0.194332   -0.206366   -0.485644   -0.041062   -0.392082  -0.0898815   -0.115532    -0.10744  -0.0916966   -0.243652    0.039789    0.071834   -0.103833    -0.27522   -0.668954  -0.0729108   -0.163431   0.0730438     0.12676  0.00366179     0.11216    -0.14519   -0.148541    0.305444    0.280606 -0.00480446   -0.396454    -0.19978
  -0.342362   -0.874791    0.428436   -0.635128    0.708032   -0.165577    0.103198  -0.0186667  0.00813883      0.2882    0.667786    0.439003     0.14015   0.0569874    0.239483    0.432377   0.0176439    -0.10355    -0.20069    0.084955  -0.0306941    0.161586   -0.281377    0.168966   -0.282555    0.194707    0.106544    0.146754  -0.0639733   0.0072172    0.115896    0.216077   0.0554072    0.197249   0.0653435    0.193606    0.063096   -0.330042  0.00238647   0.0194101     0.21489    0.100239  -0.0076231    0.155698  -0.0257756 -0.00771816   -0.254454   0.0957832    0.137462    0.126113
   0.322573   -0.563403    0.535769   -0.428867   0.0690484   0.0467559   0.0965708   -0.310052   0.0986829    0.173332    0.139751   -0.252747    0.145736    0.113386   0.0492151  -0.0544562   -0.144389   0.0740723  -0.0648088   -0.101948   -0.176512    0.122483  -0.0613113    0.102148   -0.460824    0.030933   -0.027766  -0.0121185    0.015188   0.0273796    0.197046   -0.126109   0.0555283    0.066292   0.0025905   0.0474754    0.661443  -0.0752996 -0.00429193  -0.0339033   -0.107327    0.141334 -0.00787302   -0.370531   -0.030432    -0.19403   0.0986806   0.0151831   0.0289027    0.575432
   -1.16381    0.104082   -0.669356     1.53743     0.61213    -0.15263    -0.06083  -0.0125782  -0.0925369   -0.343993    0.380295   -0.174014    0.110422   -0.724021   -0.365397    -0.53811   0.0369978    -0.42191   -0.310806   -0.175818    0.121278   -0.103713    0.095327   -0.570344    0.209622   -0.143897   -0.332263    0.046468   -0.197141    0.156355  -0.0602031  -0.0282287   -0.110642    0.236899   0.0878628   0.0275411    0.232864   -0.125398   0.0780661   0.0828632     0.12266     0.13712   -0.198331   0.0391742   -0.156863   -0.409918  -0.0786798   -0.614397   -0.135787   -0.273096
 -0.0622006   -0.482688     1.10419   -0.584672    0.541714    0.304869  -0.0205172    0.356972  -0.0530724   -0.176904    0.139682    0.136459    0.382575    0.205117   0.0495571  -0.0289202   -0.126956   -0.380081  0.00904676  0.00143981   0.0689075   0.0722021    -0.18159  -0.0782466  -0.0431345   -0.165775   -0.209777  -0.0251554  -0.0471455    0.126294   0.0830541  -0.0426817  -0.0255065  -0.0797132   0.0549144    0.164509   -0.356892   -0.066904   0.0748814   0.0737465    0.128757      -0.102  -0.0672981   0.0902279  -0.0782397     0.18079   -0.243299    0.291171    0.143148    0.385709
   0.430209    0.551389    0.219497     0.47976     -1.1754    0.140129 -0.00246333   0.0290008  -0.0574511    0.466735   -0.614047   -0.238377    0.150812    0.276567   0.0478198   -0.290356    0.105266     0.62581   0.0558685   -0.213097  0.00279715   -0.171856    0.219526    0.241708   -0.262945   0.0533113     0.11442     0.11623  -0.0382161  -0.0902189  -0.0552833  -0.0709888  -0.0524434   0.0129871   0.0660574   -0.228978    0.186858  -0.0765605   0.0023597   0.0360041     0.03113    0.102236    0.149112    0.128061   -0.113639    0.243555  -0.0623911   0.0857968    0.138502    0.153464
End of matrix R
