no_of_iter = 1
 -0.0121966   -0.108682    0.068429   -0.107519  0.00332695   0.0744836  0.00336061  -0.0526637   0.0462532   0.0200699    0.212468   0.0371721    0.102096   0.0783408  -0.0127842  -0.0336813  -0.0687155    0.130842  -0.0935842   -0.267237   -0.077274  -0.0521566   -0.201529  0.00503679  -0.0894625 -0.00131665   -0.018468  -0.0679454 -0.00737384   0.0858246   0.0376912  -0.0749272    0.140231   0.0805901  -0.0335232   0.0672569    0.121152  0.00464805  -0.0285115    0.115087   -0.131428  -0.0131082  -0.0470959  0.00722706    0.167327 -0.00102426  -0.0405608  -0.0315257   -0.060696   -0.159633
 -0.0988121   0.0797139     0.11047   -0.132557  -0.0971749    0.156957   0.0158739  -0.0161904    0.141817   -0.199364   0.0567956 -0.00141473   0.0515601   -0.119754    0.111675   0.0557332   -0.143572  -0.0114027   0.0941005  -0.0218842  -0.0417904   -0.104833  -0.0134846   -0.110094   0.0746108 -0.00824446  0.00958485 -0.00667439  0.00188441    0.114174   -0.015785    0.132769    0.110216   0.0450572   0.0132609  0.00590086   0.0126917   -0.185244   0.0990603  -0.0226159   0.0930069   0.0990905  -0.0741903  0.00426356    0.200478  -0.0121761   0.0775815   -0.285657    0.134531  -0.0264432
  -0.049468  -0.0411974  -0.0580189     0.16031   0.0915132   0.0491166   -0.124121   0.0561441   0.0552047  -0.0137137  -0.0925458  -0.0988967  -0.0704301   0.0917751  -0.0383384    0.120344  -0.0357408  -0.0337412  -0.0449441  -0.0273967    0.119776   0.0547406   0.0697497    0.132223   -0.165522   0.0897074  0.00701917   -0.102792    0.165698   0.0718244   0.0157694  -0.0148101   -0.186658   0.0576591    0.247052   0.0800382   -0.195263   -0.104049   -0.213356   -0.101066  -0.0155241  -0.0266058    0.117403   0.0905076    0.203893  -0.0499965     -0.1073   0.0324226   0.0310326   -0.212505
  -0.015434    0.119979    0.157041  -0.0395309    0.105627   0.0814178   0.0246996   0.0403819 0.000821708  -0.0219523   -0.146997   0.0227719    0.144558   0.0876115  -0.0828201    -0.14206  -0.0648699  -0.0310809  -0.0496046  -0.0830237    0.224665   -0.249473   0.0254104  -0.0266293   -0.180695   0.0832446 -0.00107926  -0.0490853   0.0255869     0.16859  -0.0184951  -0.0223973   -0.094816   0.0289277  -0.0495083   -0.157681    0.024477   0.0373718    0.198181  -0.0576553   0.0232541   -0.143776  -0.0264061   -0.125658   0.0893471   0.0498055  -0.0754735   0.0813921    0.075639   0.0816666
 -0.0119264  0.00467312   0.0648174   -0.118206   -0.130538  -0.0630046  -0.0310841  -0.0305204   0.0403917   0.0145677   -0.014996  0.00376555   -0.010097  0.00501953  -0.0745222  0.00328764  -0.0721057    0.053379  -0.0270716   -0.081318   0.0800938   -0.180239   0.0798906    0.103265  -0.0182112   0.0574717   -0.157762  -0.0273073   -0.167735  -0.0625687   0.0144427   -0.149281   0.0417924    0.071834  -0.0767222    -0.22343   -0.104089   0.0547373   -0.163431    0.113593     0.12676  0.00366179     0.11216    -0.14519   -0.151859   0.0104885   0.0259407  -0.0516407  -0.0719342   -0.140884
 -0.0178398   -0.156393   0.0082862  -0.0423737   0.0430305   -0.200757   0.0427298 -0.00882389   0.0591976   0.0191229   0.0296617    0.128498  -0.0708972  -0.0274806    0.119924     0.10546  -0.0546401   -0.109195  -0.0378369  -0.0488403  -0.0383067  0.00695641  -0.0120966  0.00750807  -0.0124187   0.0759725    0.035527    0.115789   -0.124412  0.00710525    0.105139     0.24877   0.0575471    0.197249   0.0787009    0.184668   0.0113362   -0.292467  0.00238647  -0.0506578     0.21489    0.100239  -0.0076231    0.155698  -0.0128412    0.192362   -0.101702   0.0958265   0.0247507   -0.178507
  0.0523237   -0.142032   0.0316951  -0.0213984   0.0534639    0.018582    0.037317  -0.0694931    0.122046  -0.0736306   0.0792834    -0.18335    0.140552 -0.00376108  -0.0216166    -0.02098   -0.120529   -0.189677  -0.0508348   0.0174853   -0.178378   0.0177854    0.127013   0.0353728   0.0119519   0.0658296  -0.0167429    0.020536  -0.0359927   0.0184475    0.175934  -0.0837946   0.0570407    0.066292 -0.00327991   0.0961293    0.150029  -0.0979904 -0.00429193  -0.0812306   -0.107327    0.141334 -0.00787302   -0.370531  -0.0166518  -0.0761074   0.0331002   -0.132827   -0.180377    0.117254
  -0.107801   0.0307346  -0.0448975    0.114083    0.218669  -0.0301838  -0.0551673    0.115908  -0.0894732  -0.0417488   -0.123969    0.111629   0.0736724   0.0179003   -0.172654    0.012101   0.0429306    0.106402   -0.120143  -0.0146472    0.108904   0.0612966  -0.0993965   -0.117103  -0.0938547   0.0767191  -0.0657171  -0.0195294   -0.191776    0.163881  -0.0940773   -0.136656  -0.0978687    0.236899    0.102966   0.0271225   0.0105537   -0.139658   0.0780661   0.0509031     0.12266     0.13712   -0.198331   0.0391742   -0.170342  -0.0439559   0.0435995   -0.202586   -0.146257   0.0559088
   0.046613  -0.0421493    0.150773    0.108254  -0.0502792    0.194761  -0.0477283   0.0175088   -0.081713  -0.0556841   0.0207691   0.0876221   0.0647941    0.178414   -0.137773  -0.0303993  -0.0919703  -0.0818479   0.0561505 -0.00280466   0.0669551  -0.0669825  0.00837821   0.0525126 0.000546047   -0.109271   -0.103941  0.00137797   -0.105664    0.157531   0.0969769   0.0411818  -0.0280976  -0.0797132   0.0604396    0.163625  -0.0304881  -0.0315896   0.0748814   0.0331972    0.128757      -0.102  -0.0672981   0.0902279  -0.0676586   0.0504657  -0.0356796    0.147533   -0.014384   0.0264229
  -0.062517   0.0639803   0.0658692  -0.0183488   -0.154861    0.125646   0.0581263  -0.0603143   -0.117711    0.154792   0.0617596  -0.0251452    0.114513  -0.0368004   0.0921724   -0.189675   0.0347787   0.0377254   -0.194045  -0.0831333   0.0174357   0.0298783   0.0540069    0.133221  -0.0760973  -0.0377137  -0.0266475    0.162484   0.0753642   -0.108705  -0.0390263  -0.0513867  -0.0584289   0.0129871   0.0498673   -0.145521  -0.0289191   -0.150862   0.0023597   0.0756922     0.03113    0.102236    0.149112    0.128061   -0.101442   0.0161331   0.0131154   -0.111537  -0.0297845   0.0837997
no_of_iter = 300
    -0.110001     -0.110781   -0.00557231     -0.114262     -0.141292     0.0675797   0.000284089     -0.057715     0.0442645     0.0185366      0.190834     0.0428255     0.0813708     0.0710594   -0.00758387    -0.0242765    -0.0614792     0.0643093     -0.102986     -0.280305     -0.074839    -0.0476818     -0.221304   -0.00833184     -0.130275    -0.0128365    -0.0193539    -0.0679454   -0.00737384     0.0858246     0.0376912    -0.0749272      0.140231     0.0805901    -0.0335232     0.0672569      0.121152    0.00464805    -0.0285115      0.115087     -0.131428    -0.0131082    -0.0470959    0.00722706      0.167327    -0.0175003    -0.0318924    -0.0193235    -0.0480905     -0.146288
    -0.157055     0.0572385      0.230602      -0.17372      -0.21089      0.153384    0.00366908    -0.0137867      0.145483     -0.204899      0.037599    0.00169409     0.0833042     -0.128291       0.11405     0.0476672     -0.148334    -0.0129949     0.0869174    -0.0141549    -0.0322313    -0.0968512   -0.00684788     -0.127985     0.0841469   -0.00881932      0.012303   -0.00667439    0.00188441      0.114174     -0.015785      0.132769      0.110216     0.0450572     0.0132609    0.00590086     0.0126917     -0.185244     0.0990603    -0.0226159     0.0930069     0.0990905    -0.0741903    0.00426356      0.200478    0.00285477     0.0671456     -0.265626      0.155217   -0.00567207
   -0.0546471    -0.0295397     -0.017352      0.172401       0.18413     0.0488586     -0.114105     0.0535019     0.0600376    0.00811685    -0.0605906      -0.10251    -0.0848409      0.149024    -0.0321583      0.109849    -0.0404872    -0.0438547    -0.0378064 -8.39532e-005      0.139748     0.0748521     0.0642022      0.138067     -0.152504      0.106765    0.00676252     -0.102792      0.165698     0.0718244     0.0157694    -0.0148101     -0.186658     0.0576591      0.247052     0.0800382     -0.195263     -0.104049     -0.213356     -0.101066    -0.0155241    -0.0266058      0.117403     0.0905076      0.203893    -0.0495825     -0.119944     0.0495239     0.0487045     -0.196393
   -0.0306546      0.133752      0.171408    -0.0484456     0.0086128     0.0824514     0.0203916     0.0385826    0.00667666   -0.00977481     -0.117515     0.0333002      0.182555      0.109709    -0.0814964     -0.156911    -0.0656493   -0.00296929    -0.0488014     -0.100097      0.221578     -0.249071     0.0335442    -0.0255499     -0.175846     0.0699303    0.00106381    -0.0490853     0.0255869       0.16859    -0.0184951    -0.0223973     -0.094816     0.0289277    -0.0495083     -0.157681      0.024477     0.0373718      0.198181    -0.0576553     0.0232541     -0.143776    -0.0264061     -0.125658     0.0893471     0.0320817    -0.0815044     0.0810525     0.0758336     0.0808448
    0.0171773    -0.0144392      0.311861     -0.133679     -0.384482    -0.0567879    -0.0323801    -0.0231768     0.0458576    0.00603221    -0.0703108     0.0289694     0.0251865    -0.0209673    -0.0772938    -0.0253902     -0.127579     0.0451031    -0.0356083    -0.0906837     0.0901472     -0.202167     0.0695302     0.0968182    -0.0507782     0.0404813     -0.157631    -0.0273073     -0.167735    -0.0625687     0.0144427     -0.149281     0.0417924      0.071834    -0.0767222      -0.22343     -0.104089     0.0547373     -0.163431      0.113593       0.12676    0.00366179       0.11216      -0.14519     -0.151859     0.0363497     0.0235701    -0.0676925    -0.0885737     -0.157123
   0.00689751     -0.161641     0.0439097     -0.029588       0.18317     -0.198711     0.0521848   -0.00950474     0.0565947     0.0146389     0.0532755      0.114897     -0.076904   -0.00394527      0.123674      0.115886    -0.0591259     -0.106383    -0.0374785    -0.0173706    -0.0274973     0.0259633     -0.017555     0.0122928     0.0125137     0.0950985     0.0327599      0.115789     -0.124412    0.00710525      0.105139       0.24877     0.0575471      0.197249     0.0787009      0.184668     0.0113362     -0.292467    0.00238647    -0.0506578       0.21489      0.100239    -0.0076231      0.155698    -0.0128412      0.202453     -0.107025      0.102185      0.031018     -0.172954
    0.0813551     -0.166652      0.192979    -0.0252456     0.0451852     0.0221644     0.0288046    -0.0707388       0.12572    -0.0654451     0.0667883     -0.195282      0.155515    0.00443998    -0.0230853    -0.0403749     -0.134497     -0.179428    -0.0577566     0.0240442     -0.159162     0.0223268      0.116383     0.0267422    0.00755852     0.0619247    -0.0187991      0.020536    -0.0359927     0.0184475      0.175934    -0.0837946     0.0570407      0.066292   -0.00327991     0.0961293      0.150029    -0.0979904   -0.00429193    -0.0812306     -0.107327      0.141334   -0.00787302     -0.370531    -0.0166518    -0.0702652     0.0255763      -0.13236     -0.179795      0.119395
    -0.126507     0.0660692     -0.484262      0.195202      0.331503    -0.0499985    -0.0467491      0.107734     -0.094754    -0.0415295    -0.0497827      0.108565    -0.0168508     0.0123353     -0.167634     0.0538304     0.0733759     0.0742982     -0.110171    -0.0568787      0.072041     0.0814132    -0.0886898    -0.0922982     -0.094736     0.0801393    -0.0600685    -0.0195294     -0.191776      0.163881    -0.0940773     -0.136656    -0.0978687      0.236899      0.102966     0.0271225     0.0105537     -0.139658     0.0780661     0.0509031       0.12266       0.13712     -0.198331     0.0391742     -0.170342    -0.0867275     0.0493211     -0.206746     -0.149403     0.0520378
     0.023575    -0.0735321      0.374829     0.0644419    -0.0580055      0.200488    -0.0518705     0.0207736    -0.0819022     -0.066414    -0.0345687     0.0811332      0.089457      0.180942     -0.137569    -0.0396759     -0.104424    -0.0860125     0.0449604     0.0295968     0.0929538    -0.0652518    -0.0048801     0.0329764    0.00650472    -0.0991851     -0.112131    0.00137797     -0.105664      0.157531     0.0969769     0.0411818    -0.0280976    -0.0797132     0.0604396      0.163625    -0.0304881    -0.0315896     0.0748814     0.0331972      0.128757        -0.102    -0.0672981     0.0902279    -0.0676586     0.0831238    -0.0455236      0.165449    0.00296028      0.043907
   -0.0302788     0.0815879      0.189818    -0.0474414      -0.18776      0.141768     0.0517897    -0.0609076     -0.113055      0.142677   -0.00676453     -0.014175      0.132385    -0.0587478      0.084036     -0.223293     0.0312429     0.0339508      -0.19916    -0.0946976     0.0286322   -0.00240265     0.0449415      0.121652     -0.106109    -0.0554371    -0.0409363      0.162484     0.0753642     -0.108705    -0.0390263    -0.0513867    -0.0584289     0.0129871     0.0498673     -0.145521    -0.0289191     -0.150862     0.0023597     0.0756922       0.03113      0.102236      0.149112      0.128061     -0.101442     0.0166641   0.000848983     -0.117606    -0.0360326     0.0783578
no_of_iter = 600
   -0.198721    -0.441526 6.45654e-005   -0.0773586   -0.0380444    0.0594848    0.0295776   0.00847425    0.0442645   -0.0265966      0.21964    0.0361053   0.00680596     0.118009  -0.00758387   -0.0760632    -0.148893    0.0270204    -0.126237    -0.312565    -0.074839   -0.0439191    -0.245485   -0.0584173    -0.184032   -0.0539597   -0.0591833   -0.0684344  -0.00752669    0.0771051    0.0410958   -0.0489672     0.140231    0.0805901   -0.0335232    0.0672569     0.121152   0.00464805   -0.0285115     0.115087    -0.131428   -0.0131082   -0.0470959   0.00722706     0.167327   0.00550823   -0.0301794   -0.0102462   -0.0409198     -0.13771
    0.114088    -0.135392     0.312483   -0.0819403     0.440363     0.118669    0.0292717     0.122295     0.145483    -0.255629    -0.210896   -0.0728069     0.032862  -0.00279722      0.11405   -0.0065363    -0.253529   0.00567517    0.0238178   -0.0786485   -0.0322313    -0.083543   -0.0282789    -0.116796       0.2029   -0.0736608   -0.0867725  -0.00963863    0.0138722     0.111604    0.0242485     0.223466     0.110216    0.0450572    0.0132609   0.00590086    0.0126917    -0.185244    0.0990603   -0.0226159    0.0930069    0.0990905   -0.0741903   0.00426356     0.200478    0.0430742      0.11338    -0.250908     0.169875   0.00966742
   -0.408911    -0.130015   -0.0390355     0.114508    -0.435091    0.0596233    -0.126054    -0.073487    0.0600376     0.066567     0.143562   -0.0879436   -0.0976785    0.0578872   -0.0321583     0.134514   -0.0338444    -0.106381   -0.0289937    0.0260157     0.139748     0.071397    0.0405393    0.0721951    -0.237189     0.120634    0.0741549   -0.0823077     0.170775    0.0714213   -0.0116748    -0.087996    -0.186658    0.0576591     0.247052    0.0800382    -0.195263    -0.104049    -0.213356    -0.101066   -0.0155241   -0.0266058     0.117403    0.0905076     0.203893   -0.0575034    -0.146592    0.0557847    0.0551368    -0.192337
    0.281636     0.343345     0.213701   -0.0319625     0.320336    0.0655781    0.0379566   -0.0126094   0.00667666   -0.0212468    -0.240705    0.0287381     0.197952     0.204326   -0.0814964    -0.178798   -0.0538542    0.0698437   -0.0488621    -0.125637     0.221578    -0.238034    0.0193927    0.0355202    -0.197669    0.0449772   -0.0214205   -0.0368724    0.0268472     0.164827  -0.00150312   0.00654764    -0.094816    0.0289277   -0.0495083    -0.157681     0.024477    0.0373718     0.198181   -0.0576553    0.0232541    -0.143776   -0.0264061    -0.125658    0.0893471    0.0238024   -0.0644487    0.0998714     0.095806    0.0988859
     0.69082    -0.393083     0.421696    0.0815471      1.02777   -0.0675578   0.00951478     0.368567    0.0458576    -0.112585    -0.571501   -0.0187966    0.0255427     0.212927   -0.0772938    -0.066255    -0.310077     0.142336    -0.055567    -0.204708    0.0901472    -0.203061    0.0769108     0.211108     0.141064   -0.0211828    -0.335915    -0.027251     -0.19599    -0.063417    0.0918383     0.034089    0.0417924     0.071834   -0.0767222     -0.22343    -0.104089    0.0547373    -0.163431     0.113593      0.12676   0.00366179      0.11216     -0.14519    -0.151859     0.119496    0.0915293   -0.0782447   -0.0967063    -0.168697
   -0.244279    -0.367976    0.0664695   -0.0522444    -0.219327    -0.197618    0.0295607   -0.0567487    0.0565947    0.0608496     0.266661     0.113127   -0.0762189   -0.0649658     0.123674     0.117534   -0.0495048     -0.14923   -0.0518312    0.0028829   -0.0274973    0.0222118   -0.0290365   -0.0139955    0.0287756     0.115947    0.0686567     0.123062    -0.122238    0.0156354    0.0812479     0.203175    0.0575471     0.197249    0.0787009     0.184668    0.0113362    -0.292467   0.00238647   -0.0506578      0.21489     0.100239   -0.0076231     0.155698   -0.0128412      0.20536    -0.126154     0.101689    0.0270294    -0.175792
    0.256948    -0.334554     0.320299     0.020637     0.213901   0.00331919    0.0317161   -0.0721986      0.12572     -0.04676   -0.0338022    -0.213175     0.152846    0.0348537   -0.0230853   -0.0821403    -0.136504    -0.202168   -0.0915736    0.0192696    -0.159162    0.0255902      0.10147    0.0415379     0.042387    0.0366127    -0.030818    0.0293815   -0.0418511    0.0191147      0.17357     -0.05484    0.0570407     0.066292  -0.00327991    0.0961293     0.150029   -0.0979904  -0.00429193   -0.0812306    -0.107327     0.141334  -0.00787302    -0.370531   -0.0166518     -0.04219    0.0305668    -0.128981    -0.173507     0.128384
   -0.900913     0.521874    -0.734408   -0.0397496     -1.09931   -0.0152547     -0.07964      -0.2311    -0.094754   -0.0131321     0.426314     0.185262    0.0127368    -0.214824    -0.167634     0.104474     0.211687  0.000853059   -0.0400631    0.0168346     0.072041    0.0738214   -0.0788668    -0.223936    -0.384388       0.1509     0.132561   -0.0225495    -0.193945     0.168255    -0.147587    -0.333399   -0.0978687     0.236899     0.102966    0.0271225    0.0105537    -0.139658    0.0780661    0.0509031      0.12266      0.13712    -0.198331    0.0391742    -0.170342     -0.19559   -0.0178181    -0.214063    -0.161469    0.0440162
    0.314376    -0.485364     0.503039     0.182684     0.546851     0.180769   -0.0464603     0.185573   -0.0819022   -0.0673695    -0.336043    0.0272936    0.0406724     0.274724    -0.137569   -0.0624041    -0.200287   -0.0896215  -0.00699327  -0.00229599    0.0929538   -0.0624608   -0.0250821    0.0911522     0.152763     -0.14115    -0.211972  -0.00130096   -0.0969013     0.160125     0.124655     0.124138   -0.0280976   -0.0797132    0.0604396     0.163625   -0.0304881   -0.0315896    0.0748814    0.0331972     0.128757       -0.102   -0.0672981    0.0902279   -0.0676586     0.143544   -0.0110776     0.169627   0.00560409    0.0465456
    0.450311     0.164706     0.313051    0.0329999     0.640822     0.121786    0.0666034     0.036667    -0.113055      0.16402    -0.332227   0.00015778    0.0862617    0.0291637     0.084036    -0.246484    0.0650548     0.119031    -0.199709   -0.0722818    0.0286322  -0.00790478    0.0321909     0.238216    -0.153645   -0.0769499    -0.123774     0.157037    0.0734945    -0.112391   -0.0178064    0.0377792   -0.0584289    0.0129871    0.0498673    -0.145521   -0.0289191    -0.150862    0.0023597    0.0756922      0.03113     0.102236     0.149112     0.128061    -0.101442    0.0377119   0.00821034    -0.120365   -0.0381083    0.0762034
