no_of_iter = 1
matrix C 1
 -0.0121966   -0.108682    0.068429   -0.107519  0.00332695   0.0744836  0.00336061  -0.0526637   0.0462532   0.0200699
   0.212468   0.0371721    0.102096   0.0783408  -0.0127842  -0.0336813  -0.0687155    0.130842  -0.0935842   -0.267237
  -0.077274  -0.0521566   -0.201529  0.00503679  -0.0894625 -0.00131665   -0.018468  -0.0679454 -0.00737384   0.0858246
  0.0376912  -0.0749272    0.140231   0.0805901  -0.0335232   0.0672569    0.121152  0.00464805  -0.0285115    0.115087
  -0.131428  -0.0131082  -0.0470959  0.00722706    0.167327 -0.00102426  -0.0405608  -0.0315257   -0.060696   -0.159633
 -0.0988121   0.0797139     0.11047   -0.132557  -0.0971749    0.156957   0.0158739  -0.0161904    0.141817   -0.199364
  0.0567956 -0.00141473   0.0515601   -0.119754    0.111675   0.0557332   -0.143572  -0.0114027   0.0941005  -0.0218842
 -0.0417904   -0.104833  -0.0134846   -0.110094   0.0746108 -0.00824446  0.00958485 -0.00667439  0.00188441    0.114174
  -0.015785    0.132769    0.110216   0.0450572   0.0132609  0.00590086   0.0126917   -0.185244   0.0990603  -0.0226159
  0.0930069   0.0990905  -0.0741903  0.00426356    0.200478  -0.0121761   0.0775815   -0.285657    0.134531  -0.0264432
matrix C 2
 -0.0121966   -0.108682    0.068429   -0.107519  0.00332695   0.0744836  0.00336061  -0.0526637   0.0462532   0.0200699
   0.212468   0.0371721    0.102096   0.0783408  -0.0127842  -0.0336813  -0.0687155    0.130842  -0.0935842   -0.267237
  -0.077274  -0.0521566   -0.201529  0.00503679  -0.0894625 -0.00131665   -0.018468  -0.0679454 -0.00737384   0.0858246
  0.0376912  -0.0749272    0.140231   0.0805901  -0.0335232   0.0672569    0.121152  0.00464805  -0.0285115    0.115087
  -0.131428  -0.0131082  -0.0470959  0.00722706    0.167327 -0.00102426  -0.0405608  -0.0315257   -0.060696   -0.159633
 -0.0988121   0.0797139     0.11047   -0.132557  -0.0971749    0.156957   0.0158739  -0.0161904    0.141817   -0.199364
  0.0567956 -0.00141473   0.0515601   -0.119754    0.111675   0.0557332   -0.143572  -0.0114027   0.0941005  -0.0218842
 -0.0417904   -0.104833  -0.0134846   -0.110094   0.0746108 -0.00824446  0.00958485 -0.00667439  0.00188441    0.114174
  -0.015785    0.132769    0.110216   0.0450572   0.0132609  0.00590086   0.0126917   -0.185244   0.0990603  -0.0226159
  0.0930069   0.0990905  -0.0741903  0.00426356    0.200478  -0.0121761   0.0775815   -0.285657    0.134531  -0.0264432
matrix C 3
 -0.0121966   -0.108682    0.068429   -0.107519  0.00332695   0.0744836  0.00336061  -0.0526637   0.0462532   0.0200699
   0.212468   0.0371721    0.102096   0.0783408  -0.0127842  -0.0336813  -0.0687155    0.130842  -0.0935842   -0.267237
  -0.077274  -0.0521566   -0.201529  0.00503679  -0.0894625 -0.00131665   -0.018468  -0.0679454 -0.00737384   0.0858246
  0.0376912  -0.0749272    0.140231   0.0805901  -0.0335232   0.0672569    0.121152  0.00464805  -0.0285115    0.115087
  -0.131428  -0.0131082  -0.0470959  0.00722706    0.167327 -0.00102426  -0.0405608  -0.0315257   -0.060696   -0.159633
 -0.0988121   0.0797139     0.11047   -0.132557  -0.0971749    0.156957   0.0158739  -0.0161904    0.141817   -0.199364
  0.0567956 -0.00141473   0.0515601   -0.119754    0.111675   0.0557332   -0.143572  -0.0114027   0.0941005  -0.0218842
 -0.0417904   -0.104833  -0.0134846   -0.110094   0.0746108 -0.00824446  0.00958485 -0.00667439  0.00188441    0.114174
  -0.015785    0.132769    0.110216   0.0450572   0.0132609  0.00590086   0.0126917   -0.185244   0.0990603  -0.0226159
  0.0930069   0.0990905  -0.0741903  0.00426356    0.200478  -0.0121761   0.0775815   -0.285657    0.134531  -0.0264432
matrix C 4
 -0.0121966   -0.108682    0.068429   -0.107519  0.00332695   0.0744836  0.00336061  -0.0526637   0.0462532   0.0200699
   0.212468   0.0371721    0.102096   0.0783408  -0.0127842  -0.0336813  -0.0687155    0.130842  -0.0935842   -0.267237
  -0.077274  -0.0521566   -0.201529  0.00503679  -0.0894625 -0.00131665   -0.018468  -0.0679454 -0.00737384   0.0858246
  0.0376912  -0.0749272    0.140231   0.0805901  -0.0335232   0.0672569    0.121152  0.00464805  -0.0285115    0.115087
  -0.131428  -0.0131082  -0.0470959  0.00722706    0.167327 -0.00102426  -0.0405608  -0.0315257   -0.060696   -0.159633
 -0.0988121   0.0797139     0.11047   -0.132557  -0.0971749    0.156957   0.0158739  -0.0161904    0.141817   -0.199364
  0.0567956 -0.00141473   0.0515601   -0.119754    0.111675   0.0557332   -0.143572  -0.0114027   0.0941005  -0.0218842
 -0.0417904   -0.104833  -0.0134846   -0.110094   0.0746108 -0.00824446  0.00958485 -0.00667439  0.00188441    0.114174
  -0.015785    0.132769    0.110216   0.0450572   0.0132609  0.00590086   0.0126917   -0.185244   0.0990603  -0.0226159
  0.0930069   0.0990905  -0.0741903  0.00426356    0.200478  -0.0121761   0.0775815   -0.285657    0.134531  -0.0264432
matrix C 5
 -0.0121966   -0.108682    0.068429   -0.107519  0.00332695   0.0744836  0.00336061  -0.0526637   0.0462532   0.0200699
   0.212468   0.0371721    0.102096   0.0783408  -0.0127842  -0.0336813  -0.0687155    0.130842  -0.0935842   -0.267237
  -0.077274  -0.0521566   -0.201529  0.00503679  -0.0894625 -0.00131665   -0.018468  -0.0679454 -0.00737384   0.0858246
  0.0376912  -0.0749272    0.140231   0.0805901  -0.0335232   0.0672569    0.121152  0.00464805  -0.0285115    0.115087
  -0.131428  -0.0131082  -0.0470959  0.00722706    0.167327 -0.00102426  -0.0405608  -0.0315257   -0.060696   -0.159633
 -0.0988121   0.0797139     0.11047   -0.132557  -0.0971749    0.156957   0.0158739  -0.0161904    0.141817   -0.199364
  0.0567956 -0.00141473   0.0515601   -0.119754    0.111675   0.0557332   -0.143572  -0.0114027   0.0941005  -0.0218842
 -0.0417904   -0.104833  -0.0134846   -0.110094   0.0746108 -0.00824446  0.00958485 -0.00667439  0.00188441    0.114174
  -0.015785    0.132769    0.110216   0.0450572   0.0132609  0.00590086   0.0126917   -0.185244   0.0990603  -0.0226159
  0.0930069   0.0990905  -0.0741903  0.00426356    0.200478  -0.0121761   0.0775815   -0.285657    0.134531  -0.0264432
no_of_iter = 300
matrix C 1
 -0.0162154     -0.1299    0.056859  -0.0753843 -0.00265201   0.0564347   0.0208093  -0.0593637   0.0553749   0.0315445
   0.194985   0.0170693    0.140452   0.0514504   -0.038099  -0.0255077  -0.0729044    0.163443   -0.137015   -0.299954
 -0.0796346  -0.0513892   -0.185646 -0.00223888   -0.111927  0.00304473 -0.00465571  -0.0301301  -0.0329697   0.0596535
  0.0373613  -0.0845389    0.136664   0.0882915  -0.0328212   0.0549558    0.128319 -0.00607462 -0.00968984    0.115658
 -0.0994613 -0.00559543  -0.0614427  0.00350737    0.180533  -0.0146182  -0.0307606  -0.0251273  -0.0590968   -0.138553
 -0.0930943   0.0490638    0.134687    -0.13567    -0.12121    0.166538     0.02241 -0.00279183    0.129892   -0.228519
  0.0513483 -0.00336455   0.0503716   -0.118143    0.107827    0.056427   -0.151547  0.00221329   0.0914534   -0.045174
 -0.0627877   -0.116288  0.00198336   -0.090083   0.0565559  -0.0230032   0.0235899   0.0357249   -0.035818     0.10038
 0.00184629     0.11987   0.0958269   0.0994638   0.0126863 0.000871939  0.00558802   -0.177117    0.129554 -0.00708722
   0.074511    0.135743    -0.10011   0.0220156    0.242734  -0.0308236   0.0718655   -0.333683     0.17475  0.00569751
matrix C 2
 -0.0124361   -0.110421    0.077272    -0.08092   0.0137728   0.0765378 -0.00669595  -0.0462668   0.0724991   0.0154412
   0.235429   0.0668425     0.10751    0.073626 -0.00698067  -0.0127835  -0.0491345   0.0996228  -0.0799468   -0.255228
 -0.0815528  -0.0567271   -0.192898 -0.00399884   -0.108705  -0.0168587   -0.037259  -0.0308423  -0.0263843   0.0604823
  0.0261697  -0.0674644    0.133811   0.0851432  -0.0354782   0.0575263     0.11338  0.00469947  -0.0167637    0.103897
  -0.133306  -0.0233336  -0.0432885   0.0171332    0.172845  0.00284282   -0.036186  -0.0377246   -0.046278   -0.157089
  -0.121598    0.055361    0.119366   -0.154913   -0.132038    0.173857  0.00050303   0.0095421    0.124439   -0.232521
  0.0686053   0.0510855   0.0271498  -0.0958849    0.142545   0.0495016   -0.142051  -0.0410347    0.125848  0.00446394
   -0.03532   -0.126401 0.000792413   -0.124703   0.0581316  0.00640375  -0.0106401   0.0058732   0.0112444    0.104226
-0.00058371     0.12284    0.100812   0.0834888   0.0301616  0.00104554 -0.00330624   -0.172729   0.0981699 -0.00904467
  0.0896303    0.116725  -0.0854304   0.0188296    0.223989 -0.00421372   0.0652819   -0.297532    0.148049  -0.0215026
matrix C 3
   -0.018431    -0.108343    0.0617091    -0.111693   -0.0182442    0.0882561    0.0362624   -0.0531091    0.0466388   -0.0117924
    0.181314    0.0300392     0.101945    0.0421782   -0.0255738   -0.0307463   -0.0693513      0.13794    -0.127426    -0.276125
  -0.0654669   -0.0585989    -0.203762  -0.00295765    -0.116631   0.00434446  -0.00555542   -0.0374572   -0.0407751    0.0584743
   0.0441497   -0.0563697     0.141474    0.0895358   -0.0358478    0.0729349      0.15345   -0.0208387   -0.0150206     0.116313
   -0.114586    0.0187948   -0.0783543    0.0298052     0.183529  -0.00817202   -0.0171673   -0.0612191   -0.0341251    -0.153062
   -0.113119     0.077618     0.116619    -0.152736    -0.113466     0.174341     0.039006   -0.0197306     0.132876    -0.210611
    0.048851  -0.00886823    0.0577617    -0.136772    0.0967012    0.0703361    -0.127341  -0.00685834    0.0912554   -0.0377005
  -0.0552113   -0.0829853  -0.00669631   -0.0911599    0.0831999  -0.00369041    0.0195002 -0.000861978   0.00754686     0.103307
  -0.0127748     0.180327    0.0853552    0.0904026    0.0263453  -0.00286353    0.0123094    -0.203589     0.142275  -0.00918973
   0.0999885     0.143086    -0.103173    0.0262433     0.250952    -0.019432    0.0765587    -0.331216     0.171855     0.029172
matrix C 4
 -0.0361464   -0.129952   0.0737107  -0.0778285  -0.0135157   0.0752961  -0.0113765  -0.0275388   0.0298169   0.0270401
   0.216746   0.0191906   0.0868602   0.0403797  -0.0402187  -0.0641376  -0.0847548    0.157972    -0.15351   -0.270197
 -0.0845496  -0.0765893   -0.181804  0.00494491   -0.128519  0.00399028 -0.00706077  -0.0202725  -0.0304651   0.0516532
   0.068638   -0.101119    0.163075   0.0913554  -0.0604991   0.0816353    0.129966   0.0451901  -0.0294249    0.102013
  -0.103918  -0.0221153   -0.034525  -0.0126451    0.177228   0.0103025  -0.0519519  -0.0406103   -0.050995    -0.15474
  -0.124366   0.0415111    0.142946   -0.111789   -0.149261    0.173759    0.040928   0.0379286     0.14502   -0.236371
  0.0482544 -0.00745812   0.0485293   -0.155782   0.0909294   0.0516416   -0.145721  -0.0126205   0.0658648  -0.0282889
 -0.0335597  -0.0983844    0.010025    -0.09633   0.0923298  -0.0020346 -0.00626318 -0.00518667 -0.00269173    0.115907
 -0.0244711    0.173771   0.0740507    0.086063   0.0416647  -0.0179031   0.0393411   -0.230714    0.146854   0.0209846
   0.132693    0.142869  -0.0918134   0.0255933    0.262348 -0.00361378    0.100576   -0.358932    0.198828   0.0184947
matrix C 5
 0.00967294    -0.13048   0.0784251  -0.0524692   0.0178336   0.0556342 -0.00242947  -0.0263964   0.0809051   0.0297422
   0.201971  -0.0405636    0.156365   0.0168289  -0.0552158  -0.0215981  -0.0986433    0.180435   -0.110473   -0.308952
 -0.0762635  -0.0987833   -0.187798    -0.02705   -0.114588 -0.00557553  -0.0252165  -0.0357668  -0.0317384   0.0658162
  0.0509709  -0.0829587    0.149064   0.0971641  -0.0365882   0.0651256    0.140952  0.00538149   0.0113718    0.121169
  -0.113823 -0.00816588  -0.0613866   0.0032935    0.182774  -0.0194162  -0.0158946   -0.041961  -0.0366769   -0.154395
  -0.116837   0.0613181    0.128336   -0.153321    -0.11193    0.182127   0.0273711  -0.0232419    0.128182   -0.214861
  0.0324508  0.00754344   0.0685057   -0.102593    0.108849   0.0665949   -0.148004  -0.0082576   0.0997327  -0.0241584
 -0.0409393   -0.116336  -0.0145778   -0.126847   0.0945607   0.0167985   0.0217589  -0.0195154  0.00510636    0.111453
 0.00103959    0.157794    0.098413   0.0954044   0.0539287  0.00572513   0.0296075   -0.239155    0.138035  -0.0119266
    0.10941    0.160774  -0.0982271    0.054115    0.227438 -0.00221823    0.113973    -0.31191    0.168299  0.00412884
no_of_iter = 600
matrix C 1
  0.0378918   -0.122398   0.0612103   -0.104123  -0.0489425   0.0969835   0.0506242  -0.0635579   0.0275713    0.020382
   0.420323    0.361936  -0.0584818   0.0495531    0.432496    -0.12022      -0.058   -0.275498   0.0401822   -0.189321
 -0.0324589  -0.0497221   -0.184616  -0.0151886  -0.0768716   0.0143237   0.0158573   -0.105314  -0.0174782   0.0736016
  0.0502973 -0.00477819   0.0663649    0.122719    0.181633 -0.00534919    0.115592   -0.207783    0.102834    0.186277
  -0.196474   -0.239173   0.0751155  -0.0122614   -0.154377   0.0825014  -0.0416621    0.278045   -0.201016   -0.243726
  0.0228754    0.283049  -0.0051301   -0.141236    0.256761   0.0729492   0.0524378     -0.3613    0.282551   -0.133434
  0.0878042     0.05104    0.022906   -0.115046    0.198503   0.0336238   -0.143099  -0.0487737    0.116117  -0.0283657
 -0.0977841    -0.14978   0.0452024  -0.0876132  -0.0589255  -0.0013226   0.0415962    0.159824  -0.0818946   0.0390222
  -0.126815   -0.181103    0.291189   0.0737326   -0.480476    0.145647  -0.0117143    0.249494  -0.0337194   -0.151624
  -0.253098   -0.253512    0.129214   0.0600556   -0.346505   0.0652467   0.0384999    0.263324  -0.0244778   -0.156877
matrix C 2
 -0.0244309    -0.12978   0.0673219   -0.103103   0.0492764    0.101334  0.00718914   -0.118971   0.0994308   0.0144003
   0.317572    0.301381   -0.090716   0.0860795    0.507932   -0.129514   0.0283091   -0.434729    0.140918   -0.118114
  -0.127412  -0.0636237   -0.207258  -0.0207604   -0.052768   -0.036931  -0.0367168   -0.108917   0.0129977   0.0526853
  0.0329372  -0.0294915    0.108211   0.0792415    0.056934    0.060091    0.138244  -0.0899615    0.038338    0.118752
   -0.21262   -0.165128   0.0430888   0.0303033   -0.128338   0.0505022  -0.0741672    0.253152   -0.175994   -0.219798
  -0.118183    0.227745  -0.0242831    -0.16052    0.202674     0.10715   0.0593183   -0.317095    0.261687   -0.151072
   0.149992     0.14832  -0.0184686  -0.0888864    0.279621   0.0157185   -0.126924   -0.146289    0.168746   0.0218108
 -0.0855799   -0.184891   0.0555218   -0.125455  0.00930848   0.0320406  -0.0239757   0.0965443 -0.00481815   0.0665864
 -0.0257851  -0.0977539    0.273757   0.0443034   -0.382734    0.132425  -0.0562697    0.232398  -0.0785333   -0.136608
  0.0930709   -0.124063    0.167315   0.0219436   -0.397049    0.132014  0.00571672    0.396847   -0.101049   -0.170135
matrix C 3
  0.00248605     -0.12112     0.083348    -0.122416    -0.159091     0.132584    0.0371217    0.0363388  -0.00152888   -0.0503677
    0.381219       0.1954    0.0168079   -0.0402798     0.228858  -0.00777264   -0.0322412   -0.0988009   -0.0367406     -0.25647
  -0.0311081   -0.0904227    -0.181798   -0.0240454    -0.214914    0.0354518   -0.0112897 -0.000959191   -0.0864545    0.0179801
    0.020167    0.0515758    0.0374858     0.102054      0.15229   -0.0215138     0.113305    -0.187321     0.040086     0.169546
   -0.231001   -0.0965962   -0.0268801    0.0404874   -0.0445397    0.0118603  -0.00746092     0.118645   -0.0902737    -0.219527
  0.00111302     0.300033   -0.0176307    -0.164016     0.233895    0.0730344    0.0292909    -0.306082      0.25258    -0.115273
   0.0752301   -0.0675534    0.0882245    -0.224209    0.0954334      0.14065   -0.0930261    -0.018509     0.117474    -0.092371
  -0.0372916   -0.0440774   0.00335519   -0.0457908    0.0880413  -0.00695812    0.0190205    0.0221888     0.029213     0.137215
   -0.184381    0.0447872     0.162046     0.106708    -0.292292    0.0346271   -0.0130541     0.040081    0.0250836   -0.0726214
   -0.193565    -0.102514   0.00984555    0.0783156    0.0027651    -0.017385    0.0551825   -0.0150246      0.11472    0.0121236
matrix C 4
 -0.0880878   -0.142235   0.0580832  -0.0310856  -0.0703836   0.0128012  -0.0914398   0.0402135  -0.0439417   0.0560096
   0.237895    0.157369  -0.0947029    0.160835    0.185094   -0.324222   -0.199444   0.0555185   -0.222553   -0.118356
  -0.124549  -0.0515148   -0.214853   0.0328463   -0.131677  -0.0660452  -0.0535751  -0.0201179  -0.0688532   0.0712811
   0.149094   -0.153218    0.231436    0.073762  -0.0871283    0.173688    0.210827   0.0563045   0.0236861    0.067888
  -0.118306   -0.165547   0.0450992   -0.108126   -0.121647    0.142083  -0.0313452    0.162966   -0.146031   -0.260386
 -0.0252009    0.123371    0.108577   -0.176052   0.0294267    0.198626   0.0980162    -0.11026    0.244628   -0.273341
  0.0857155 -0.00602057   0.0696099   -0.200825   0.0525908   0.0905392   -0.133797   0.0520749   0.0383949  -0.0917107
  -0.024829  -0.0629086  0.00484858  -0.0362507    0.114013  -0.0632577  -0.0751688   0.0234669  -0.0493607    0.149889
 -0.0847306    0.127687    0.114192   0.0161471   -0.093934   0.0791618   0.0857557   -0.232898    0.162859   -0.020163
   0.192779  -0.0863098    0.164116   -0.249119   -0.101855    0.462631    0.345011   -0.205473     0.29069    -0.26883
matrix C 5
  -0.023546   -0.171204   0.0921521  -0.0562986    0.054148   0.0592057   0.0313294  -0.0730482    0.133072   0.0136375
   0.383993    0.246524   0.0727007  -0.0422682     0.25698  -0.0611152   -0.121626  -0.0253609   0.0337104   -0.315947
 -0.0820985  -0.0930069    -0.20425  -0.0526456   -0.128981  -0.0129341  -0.0519587  -0.0199818  -0.0515665   0.0375387
  0.0766796  -0.0785875    0.145255    0.101071  -0.0629772   0.0821956    0.167271  0.00262799   0.0208298    0.118684
  -0.240866    -0.16352   0.0149701   0.0461871 0.000942215 -0.00962307  0.00671489   0.0724712  -0.0927967   -0.155067
 0.00899335    0.235302   0.0475357   -0.153574   0.0695308    0.145308   0.0451761   -0.161381    0.187326   -0.175098
   0.109512   0.0136211    0.118671   -0.121502   0.0860478    0.083755   -0.183357   0.0725241   0.0916509  -0.0212521
 -0.0238007    -0.11367  -0.0636829   -0.161287    0.197052  0.00644588    0.047573   -0.123878    0.025812    0.150205
  -0.118961  -0.0780865    0.165453    0.132405  -0.0602046   0.0321639   0.0837762   -0.255246    0.126204  0.00141117
 0.00829819   -0.166012   0.0473197    0.126935   -0.135963   0.0837034     0.18706  -0.0613195   0.0440662   0.0256917
