2 1
10 2
2 3
9 4
9 5
9 6
6 7
7 8
3 9
0 10
10 11
13 12
11 13
13 14
22 15
20 16
20 17
19 18
20 19
21 20
14 21
21 22
22 23
14 24
14 25
28 26
28 27
25 28
28 29
31 30
33 31
31 32
29 33
33 34
36 35
34 36
10 37

2 1
16 2
2 3
5 4
6 5
2 6
9 7
9 8
6 9
11 10
9 11
11 12
11 13
11 14
2 15
0 16
16 17
20 18
20 19
17 20
20 21
17 22
22 23
26 24
26 25
23 26
17 27
27 28
35 29
35 30
34 31
31 32
32 33
35 34
28 35
37 36
35 37
37 38
37 39
39 40
40 41
44 42
44 43
41 44
16 45

2 1
3 2
0 3
3 4
4 5
7 6
5 7
5 8
10 9
8 10
10 11
3 12
3 13
15 14
16 15
13 16
19 17
19 18
16 19
3 20

22 1
7 2
7 3
5 4
7 5
5 6
8 7
22 8
8 9
9 10
10 11
11 12
15 13
15 14
11 15
15 16
19 17
19 18
16 19
22 20
22 21
0 22
25 23
25 24
22 25
27 26
25 27
27 28
27 29
27 30
25 31
33 32
36 33
33 34
36 35
25 36
22 37

4 1
4 2
4 3
10 4
4 5
9 6
8 7
9 8
5 9
0 10
10 11
11 12
12 13
12 14
11 15
15 16
16 17
17 18
22 19
21 20
22 21
18 22
10 23

3 1
3 2
4 3
0 4
4 5
5 6
9 7
9 8
6 9
5 10
10 11
10 12
12 13
16 14
16 15
13 16
13 17
17 18
21 19
21 20
18 21
4 22

2 1
5 2
2 3
2 4
0 5
5 6
6 7
7 8
10 9
8 10
10 11
13 12
10 13
16 14
16 15
13 16
5 17

5 1
3 2
5 3
5 4
0 5
7 6
9 7
7 8
5 9
9 10
10 11
14 12
14 13
11 14
14 15
15 16
18 17
16 18
18 19
11 20
11 21
23 22
24 23
21 24
24 25
25 26
26 27
5 28

2 1
3 2
0 3
3 4
4 5
5 6
5 7
9 8
10 9
7 10
10 11
5 12
5 13
16 14
16 15
13 16
16 17
19 18
17 19
13 20
20 21
21 22
21 23
21 24
21 25
25 26
26 27
26 28
26 29
29 30
30 31
33 32
31 33
3 34

14 1
3 2
14 3
5 4
3 5
8 6
8 7
5 8
8 9
9 10
10 11
14 12
14 13
0 14
16 15
14 16
16 17
19 18
16 19
19 20
22 21
20 22
14 23

2 1
3 2
0 3
3 4
3 5
7 6
5 7
7 8
7 9
5 10
13 11
13 12
10 13
3 14
3 15
17 16
15 17
17 18
18 19
19 20
20 21
21 22
20 23
20 24
26 25
24 26
28 27
29 28
26 29
3 30

11 1
4 2
4 3
1 4
7 5
7 6
0 7
7 8
10 9
11 10
7 11
11 12
12 13
13 14
14 15
18 16
18 17
15 18
15 19
21 20
19 21
21 22
22 23
23 24
24 25
28 26
28 27
25 28
11 29

22 1
3 2
22 3
3 4
4 5
5 6
6 7
9 8
7 9
9 10
10 11
13 12
11 13
6 14
16 15
14 16
16 17
17 18
22 19
22 20
22 21
0 22
22 23

3 1
3 2
9 3
3 4
8 5
8 6
8 7
4 8
0 9
9 10
12 11
10 12
9 13

2 1
3 2
0 3
3 4
6 5
4 6
4 7
7 8
8 9
11 10
9 11
14 12
14 13
8 14
14 15
14 16
8 17
19 18
17 19
3 20

0 1
1 2
4 3
1 4
6 5
9 6
6 7
9 8
10 9
4 10
10 11
10 12
12 13
13 14
13 15
4 16
4 17
19 18
20 19
17 20
20 21
21 22
22 23
23 24
24 25
27 26
25 27
23 28
23 29
29 30
30 31
31 32
35 33
35 34
30 35
35 36
38 37
36 38
40 39
41 40
38 41
1 42

3 1
3 2
12 3
3 4
3 5
5 6
6 7
10 8
10 9
5 10
12 11
0 12
12 13
13 14
16 15
19 16
16 17
19 18
14 19
12 20
12 21
24 22
24 23
31 24
26 25
24 26
26 27
26 28
28 29
26 30
21 31
35 32
35 33
35 34
36 35
31 36
36 37
37 38
38 39
41 40
39 41
41 42
41 43
12 44

26 1
3 2
4 3
26 4
4 5
7 6
5 7
7 8
10 9
8 10
10 11
11 12
12 13
13 14
10 15
17 16
10 17
17 18
18 19
21 20
17 21
21 22
26 23
26 24
26 25
0 26
26 27

4 1
3 2
4 3
0 4
4 5
5 6
6 7
7 8
8 9
11 10
9 11
11 12
14 13
12 14
14 15
17 16
15 17
5 18
20 19
18 20
22 21
20 22
22 23
23 24
4 25
4 26

5 1
5 2
2 3
3 4
6 5
0 6
6 7
9 8
7 9
9 10
12 11
10 12
14 13
7 14
6 15

2 1
0 2
2 3
3 4
4 5
5 6
8 7
6 8
2 9

23 1
1 2
4 3
2 4
4 5
10 6
6 7
10 8
10 9
5 10
10 11
13 12
11 13
15 14
13 15
15 16
23 17
22 18
22 19
22 20
22 21
23 22
0 23
23 24
24 25
27 26
24 27
27 28
31 29
31 30
28 31
31 32
31 33
33 34
33 35
33 36
38 37
39 38
33 39
41 40
39 41
23 42

2 1
3 2
0 3
3 4
4 5
5 6
5 7
7 8
10 9
8 10
8 11
8 12
14 13
15 14
12 15
15 16
16 17
15 18
20 19
18 20
20 21
21 22
