0 0
-0.00155687 -0.00155687
0 0
0 0
-0.000778436 -0.000778437
0 0
-0.000778436 -0.000778437
0 0
0 0
0 0
0 0
0 0
0 0
0 0
0 0
0 0
0 0
0 0
0 0
0 0
0 0
0 0
0 0
0 0
0 0
0 0
0 0
0 0
0 0
0 0
0 0
0 0
0 0
0 0
0 0
0 0
0 0
0 0
0 0
0 0
0 0
0 0
0 0
0 0
0 0
-0.000778436 -0.000778437
0 0
0 0
0 0
0 0
0 0
-0.00308697 -0.00308697
0 0
0 0
-0.00154348 -0.00154348
0 0
-0.00154348 -0.00154348
0 0
0 0
0 0
0 0
0 0
0 0
0 0
0 0
0 0
0 0
0 0
0 0
0 0
0 0
0 0
0 0
0 0
0 0
0 0
0 0
0 0
0 0
0 0
0 0
0 0
0 0
0 0
0 0
0 0
0 0
0 0
0 0
0 0
0 0
0 0
0 0
0 0
0 0
-0.00154348 -0.00154348
0 0
0 0
0 0
0 0
0 0
-0.0590965 -0.0590965
0 0
0 0
-0.0295482 -0.0295482
0 0
-0.0295482 -0.0295482
0 0
0 0
0 0
0 0
0 0
0 0
0 0
0 0
0 0
0 0
0 0
0 0
0 0
0 0
0 0
0 0
0 0
0 0
0 0
0 0
0 0
0 0
0 0
0 0
0 0
0 0
0 0
0 0
0 0
0 0
0 0
0 0
0 0
0 0
0 0
0 0
0 0
0 0
-0.0295482 -0.0295482
0 0
0 0
0 0
0 0
0 0
-0.0373432 -0.0373432
0 0
0 0
-0.0186716 -0.0186716
0 0
-0.0186716 -0.0186716
0 0
0 0
0 0
0 0
0 0
0 0
0 0
0 0
0 0
0 0
0 0
0 0
0 0
0 0
0 0
0 0
0 0
0 0
0 0
0 0
0 0
0 0
0 0
0 0
0 0
0 0
0 0
0 0
0 0
0 0
0 0
0 0
0 0
0 0
0 0
0 0
0 0
0 0
-0.0186716 -0.0186716
0 0
0 0
0 0
0 0
0 0
0.0875342 0.0875342
0 0
0 0
0.0437671 0.0437671
0 0
0.0437671 0.0437671
0 0
0 0
0 0
0 0
0 0
0 0
0 0
0 0
0 0
0 0
0 0
0 0
0 0
0 0
0 0
0 0
0 0
0 0
0 0
0 0
0 0
0 0
0 0
0 0
0 0
0 0
0 0
0 0
0 0
0 0
0 0
0 0
0 0
0 0
0 0
0 0
0 0
0 0
0.0437671 0.0437671
0 0
0 0
0 0
0 0
0 0
-0.0393119 -0.0393119
0 0
0 0
-0.0196559 -0.0196559
0 0
-0.0196559 -0.0196559
0 0
0 0
0 0
0 0
0 0
0 0
0 0
0 0
0 0
0 0
0 0
0 0
0 0
0 0
0 0
0 0
0 0
0 0
0 0
0 0
0 0
0 0
0 0
0 0
0 0
0 0
0 0
0 0
0 0
0 0
0 0
0 0
0 0
0 0
0 0
0 0
0 0
0 0
-0.0196559 -0.0196559
0 0
0 0
0 0
0 0
0 0
-0.0722777 -0.0722777
0 0
0 0
-0.0361389 -0.0361389
0 0
-0.0361389 -0.0361389
0 0
0 0
0 0
0 0
0 0
0 0
0 0
0 0
0 0
0 0
0 0
0 0
0 0
0 0
0 0
0 0
0 0
0 0
0 0
0 0
0 0
0 0
0 0
0 0
0 0
0 0
0 0
0 0
0 0
0 0
0 0
0 0
0 0
0 0
0 0
0 0
0 0
0 0
-0.0361389 -0.0361389
0 0
0 0
0 0
0 0
0 0
-0.0114647 -0.0114647
0 0
0 0
-0.00573237 -0.00573237
0 0
-0.00573237 -0.00573237
0 0
0 0
0 0
0 0
0 0
0 0
0 0
0 0
0 0
0 0
0 0
0 0
0 0
0 0
0 0
0 0
0 0
0 0
0 0
0 0
0 0
0 0
0 0
0 0
0 0
0 0
0 0
0 0
0 0
0 0
0 0
0 0
0 0
0 0
0 0
0 0
0 0
0 0
-0.00573237 -0.00573237
0 0
0 0
0 0
0 0
0 0
0.00868262 0.00868262
0 0
0 0
0.00434131 0.00434131
0 0
0.00434131 0.00434131
0 0
0 0
0 0
0 0
0 0
0 0
0 0
0 0
0 0
0 0
0 0
0 0
0 0
0 0
0 0
0 0
0 0
0 0
0 0
0 0
0 0
0 0
0 0
0 0
0 0
0 0
0 0
0 0
0 0
0 0
0 0
0 0
0 0
0 0
0 0
0 0
0 0
0 0
0.00434131 0.00434131
0 0
0 0
0 0
0 0
0 0
0.0381579 0.0381579
0 0
0 0
0.019079 0.019079
0 0
0.019079 0.019079
0 0
0 0
0 0
0 0
0 0
0 0
0 0
0 0
0 0
0 0
0 0
0 0
0 0
0 0
0 0
0 0
0 0
0 0
0 0
0 0
0 0
0 0
0 0
0 0
0 0
0 0
0 0
0 0
0 0
0 0
0 0
0 0
0 0
0 0
0 0
0 0
0 0
0 0
0.019079 0.019079
0 0
0 0
0 0
0 0
