-0.000940528 -0.000940528
-0.000892396 -0.000892396
-0.000914855 -0.000914855
-0.000920065 -0.000920065
-0.000948884 -0.000948884
-0.000925405 -0.000925405
-0.000909095 -0.000909095
-0.000943436 -0.000943436
-0.000945594 -0.000945594
-0.000910965 -0.000910965
-0.000934453 -0.000934453
-0.000967055 -0.000967055
-0.000970662 -0.000970662
-0.000917065 -0.000917065
-0.000964799 -0.000964799
-0.000935054 -0.000935054
-0.000927559 -0.000927559
-0.000948714 -0.000948714
-0.000936368 -0.000936368
-0.000946573 -0.000946573
-0.000919579 -0.000919579
-0.00096316 -0.00096316
-0.000914561 -0.000914561
-0.000888041 -0.000888041
-0.000925789 -0.000925789
-0.000904123 -0.000904123
-0.000891902 -0.000891902
-0.000938931 -0.000938931
-0.00092578 -0.00092578
-0.000886183 -0.000886183
-0.000908443 -0.000908443
-0.00095754 -0.00095754
-0.00090948 -0.00090948
-0.000975285 -0.000975285
-0.000901252 -0.000901252
-0.000986738 -0.000986738
-0.000944351 -0.000944351
-0.000952827 -0.000952827
-0.000957811 -0.000957811
-0.000938657 -0.000938657
-0.000916527 -0.000916527
-0.000882701 -0.000882701
-0.000901021 -0.000901021
-0.000940677 -0.000940677
-0.000925335 -0.000925335
-0.000933924 -0.000933924
-0.000937152 -0.000937152
-0.000944016 -0.000944016
-0.000950212 -0.000950212
-0.000917541 -0.000917541
-0.000902769 -0.000902769
-0.000923484 -0.000923484
-0.000926009 -0.000926009
-0.000940299 -0.000940299
-0.00092704 -0.00092704
-0.000904637 -0.000904637
-0.000946865 -0.000946865
-0.0009442 -0.0009442
-0.000909257 -0.000909257
-0.000942176 -0.000942176
-0.000902177 -0.000902177
-0.000922441 -0.000922441
-0.000921394 -0.000921394
-0.000923821 -0.000923821
-0.000915692 -0.000915692
-0.000928504 -0.000928504
-0.000935151 -0.000935151
-0.000888875 -0.000888875
-0.000911353 -0.000911353
-0.000956174 -0.000956174
-0.000910094 -0.000910094
-0.000949184 -0.000949184
-0.000892641 -0.000892641
-0.000905656 -0.000905656
-0.00091211 -0.00091211
-0.000926187 -0.000926187
-0.000887741 -0.000887741
-0.000926856 -0.000926856
-0.000931202 -0.000931202
-0.000930858 -0.000930858
-0.000945234 -0.000945234
-0.000964733 -0.000964733
-0.000932813 -0.000932813
-0.00094238 -0.00094238
-0.000957202 -0.000957202
-0.000924601 -0.000924601
-0.000938203 -0.000938203
-0.000918356 -0.000918356
-0.00094307 -0.00094307
-0.000898369 -0.000898369
-0.000921935 -0.000921935
-0.000938932 -0.000938932
-0.000945078 -0.000945078
-0.00091801 -0.00091801
-0.000923421 -0.000923421
-0.000948422 -0.000948422
-0.00093151 -0.00093151
-0.000935846 -0.000935846
-0.000919562 -0.000919562
-0.000919143 -0.000919143
-0.000925218 -0.000925218
-0.000911092 -0.000911092
-0.000949419 -0.000949419
-0.000914099 -0.000914099
-0.000924003 -0.000924003
-0.000931382 -0.000931382
-0.00094853 -0.00094853
-0.000957023 -0.000957023
-0.000920215 -0.000920215
-0.000994328 -0.000994328
-0.000934612 -0.000934612
-0.000937235 -0.000937235
-0.000939959 -0.000939959
-0.000955935 -0.000955935
-0.000948996 -0.000948996
-0.000893497 -0.000893497
-0.000911716 -0.000911716
-0.000934201 -0.000934201
-0.000938071 -0.000938071
-0.000929058 -0.000929058
-0.000906015 -0.000906015
-0.000914941 -0.000914941
-0.000921186 -0.000921186
-0.000916704 -0.000916704
-0.000901392 -0.000901392
-0.000924367 -0.000924367
-0.000932747 -0.000932747
-0.000941184 -0.000941184
-0.000906389 -0.000906389
-0.000934442 -0.000934442
0.999073 0.999073
-0.000886913 -0.000886913
-0.000938892 -0.000938892
-0.000943336 -0.000943336
-0.0008992 -0.0008992
-0.000928503 -0.000928503
-0.00092827 -0.00092827
-0.000927992 -0.000927992
-0.000929224 -0.000929224
-0.000896212 -0.000896212
-0.00093468 -0.00093468
-0.000942617 -0.000942617
-0.000914075 -0.000914075
-0.000901263 -0.000901263
-0.000898718 -0.000898718
-0.000917077 -0.000917077
-0.000907576 -0.000907576
-0.000937655 -0.000937655
-0.000940015 -0.000940015
-0.000935211 -0.000935211
-0.00094192 -0.00094192
-0.000897981 -0.000897981
-0.000945398 -0.000945398
-0.000923674 -0.000923674
-0.000903784 -0.000903784
-0.000915628 -0.000915628
-0.000939743 -0.000939743
-0.000894942 -0.000894942
-0.000923408 -0.000923408
-0.000928318 -0.000928318
-0.000923926 -0.000923926
-0.000908671 -0.000908671
-0.000919856 -0.000919856
-0.0009354 -0.0009354
-0.000907007 -0.000907007
-0.000915938 -0.000915938
-0.000916875 -0.000916875
-0.00092644 -0.00092644
-0.000928392 -0.000928392
-0.000926819 -0.000926819
-0.000940052 -0.000940052
-0.000900419 -0.000900419
-0.00091125 -0.00091125
-0.000919966 -0.000919966
-0.000935303 -0.000935303
-0.000941192 -0.000941192
-0.00092132 -0.00092132
-0.000941752 -0.000941752
-0.00090185 -0.00090185
-0.00090501 -0.00090501
-0.000923929 -0.000923929
-0.000890326 -0.000890326
-0.000918729 -0.000918729
-0.000930234 -0.000930234
-0.000918681 -0.000918681
-0.000942891 -0.000942891
-0.000933678 -0.000933678
-0.000914082 -0.000914082
-0.000924171 -0.000924171
-0.000913137 -0.000913137
-0.000919517 -0.000919517
-0.000934658 -0.000934659
-0.000950178 -0.000950178
-0.00096068 -0.00096068
-0.00093247 -0.00093247
-0.000928589 -0.000928589
-0.000931023 -0.000931023
-0.000930462 -0.000930462
-0.000928979 -0.000928979
-0.000916285 -0.000916285
-0.000921106 -0.000921106
-0.000924816 -0.000924816
-0.000898205 -0.000898205
-0.000912899 -0.000912899
-0.000952442 -0.000952442
-0.000887207 -0.000887207
-0.000959226 -0.000959226
-0.000948172 -0.000948172
-0.000919545 -0.000919545
-0.000932627 -0.000932627
-0.00093924 -0.00093924
-0.000943976 -0.000943976
-0.000890968 -0.000890968
-0.000924936 -0.000924936
-0.000929944 -0.000929944
-0.000917457 -0.000917457
-0.000954338 -0.000954338
-0.000945522 -0.000945522
-0.00093054 -0.00093054
-0.000948806 -0.000948806
-0.000903994 -0.000903994
-0.000902465 -0.000902465
-0.000957022 -0.000957022
-0.000914593 -0.000914593
-0.000928938 -0.000928938
-0.000920404 -0.000920404
-0.000901517 -0.000901517
-0.000900515 -0.000900515
-0.000931478 -0.000931478
-0.000944791 -0.000944791
-0.000926011 -0.000926011
-0.000892677 -0.000892677
-0.00091458 -0.00091458
-0.000935321 -0.000935321
-0.000879837 -0.000879837
-0.000931668 -0.000931668
-0.000925413 -0.000925413
-0.000926653 -0.000926653
-0.000926425 -0.000926425
-0.000957561 -0.000957561
-0.000928709 -0.000928709
-0.000893206 -0.000893206
-0.000920289 -0.000920289
-0.000940087 -0.000940087
-0.000946313 -0.000946313
-0.000920146 -0.000920146
-0.000930586 -0.000930586
-0.000924908 -0.000924908
-0.000947013 -0.000947013
-0.000942131 -0.000942131
-0.000939756 -0.000939756
-0.000913197 -0.000913197
-0.000950766 -0.000950766
-0.00093743 -0.00093743
-0.000930913 -0.000930913
-0.000919612 -0.000919612
-0.000934844 -0.000934844
-0.000924096 -0.000924096
-0.000935455 -0.000935455
-0.000929046 -0.000929046
-0.000911448 -0.000911448
-0.00091237 -0.00091237
-0.000924371 -0.000924371
-0.000951376 -0.000951376
-0.000896485 -0.000896485
-0.000909475 -0.000909475
-0.000901584 -0.000901584
-0.000898096 -0.000898096
-0.00092312 -0.00092312
-0.00094907 -0.00094907
-0.000907979 -0.000907979
-0.000931804 -0.000931804
-0.000903057 -0.000903057
-0.000923622 -0.000923622
-0.000937476 -0.000937476
-0.000924685 -0.000924685
-0.00091405 -0.00091405
-0.000919274 -0.000919274
-0.000917013 -0.000917013
-0.000960078 -0.000960078
-0.00094171 -0.00094171
-0.000941627 -0.000941627
-0.000932564 -0.000932564
-0.000915406 -0.000915406
-0.000891313 -0.000891313
-0.000925533 -0.000925533
-0.000922103 -0.000922103
-0.00091001 -0.00091001
-0.000938892 -0.000938892
-0.00094575 -0.00094575
-0.000911264 -0.000911264
-0.000944532 -0.000944532
-0.00091463 -0.00091463
-0.000907892 -0.000907892
-0.000909162 -0.000909162
-0.000947139 -0.000947139
-0.000933329 -0.000933329
-0.0009548 -0.0009548
-0.000956403 -0.000956403
-0.000941041 -0.000941041
-0.000928417 -0.000928417
-0.000909533 -0.000909533
-0.000915972 -0.000915972
-0.000918103 -0.000918103
-0.000937271 -0.000937271
-0.000920922 -0.000920922
-0.000901363 -0.000901363
-0.000911142 -0.000911142
-0.000933179 -0.000933179
-0.000946023 -0.000946023
-0.000952251 -0.000952251
-0.000900457 -0.000900457
-0.000915283 -0.000915283
-0.000912659 -0.000912659
-0.000944934 -0.000944934
-0.000925063 -0.000925063
-0.000929724 -0.000929724
-0.000929265 -0.000929265
-0.000934861 -0.000934861
-0.000924055 -0.000924055
-0.000935599 -0.000935599
-0.000940806 -0.000940806
-0.000916019 -0.000916019
-0.00092159 -0.00092159
-0.000934058 -0.000934058
-0.00094578 -0.00094578
-0.000932846 -0.000932846
-0.000926623 -0.000926623
-0.000937465 -0.000937465
-0.000903495 -0.000903495
-0.000936321 -0.000936321
-0.00095271 -0.00095271
-0.000921609 -0.000921609
-0.000942761 -0.000942761
-0.000935798 -0.000935798
-0.000904689 -0.000904689
-0.000923273 -0.000923273
-0.00096319 -0.00096319
-0.000927877 -0.000927877
-0.000949006 -0.000949006
-0.000919922 -0.000919922
-0.000941629 -0.000941629
-0.000904159 -0.000904159
-0.000951928 -0.000951928
-0.000943529 -0.000943529
-0.000915519 -0.000915519
-0.000934036 -0.000934036
-0.000933755 -0.000933755
-0.000927609 -0.000927609
-0.00092881 -0.00092881
-0.000901623 -0.000901623
-0.000911012 -0.000911012
-0.000917282 -0.000917282
-0.000931337 -0.000931337
-0.000921304 -0.000921304
-0.000899932 -0.000899932
-0.000908804 -0.000908804
-0.000940161 -0.000940161
-0.000910103 -0.000910103
-0.000920498 -0.000920498
-0.000932798 -0.000932798
-0.000912768 -0.000912768
-0.000938984 -0.000938984
-0.000941234 -0.000941234
-0.000899609 -0.000899609
-0.000905882 -0.000905882
-0.000928907 -0.000928907
-0.000915569 -0.000915569
-0.00095131 -0.00095131
-0.000921915 -0.000921915
-0.000927454 -0.000927454
-0.000931246 -0.000931246
-0.000938039 -0.000938039
-0.000925387 -0.000925387
-0.000920906 -0.000920906
-0.000918494 -0.000918494
-0.000916898 -0.000916898
-0.000942369 -0.000942369
-0.000931416 -0.000931416
-0.000905468 -0.000905468
-0.000931601 -0.000931601
-0.000946122 -0.000946122
-0.000931382 -0.000931382
-0.000894294 -0.000894294
-0.000910241 -0.000910241
-0.000917495 -0.000917495
-0.000925518 -0.000925518
-0.000947918 -0.000947918
-0.000947667 -0.000947667
-0.000907565 -0.000907565
-0.000946696 -0.000946696
-0.000950518 -0.000950518
-0.000918339 -0.000918339
-0.000922691 -0.000922691
-0.000935522 -0.000935522
-0.000962139 -0.000962139
-0.00096773 -0.00096773
-0.000920053 -0.000920053
-0.000979505 -0.000979505
-0.000930272 -0.000930272
-0.000924697 -0.000924697
-0.000950249 -0.000950249
-0.000922913 -0.000922913
-0.000954149 -0.000954149
-0.000935629 -0.000935629
-0.000942283 -0.000942283
-0.000913487 -0.000913487
-0.000952338 -0.000952338
-0.000908551 -0.000908551
-0.000946006 -0.000946006
-0.000897564 -0.000897564
-0.000893644 -0.000893644
-0.000902016 -0.000902016
-0.000896327 -0.000896327
-0.000935398 -0.000935398
-0.000918345 -0.000918345
-0.000904418 -0.000904418
-0.00093439 -0.00093439
-0.000916408 -0.000916408
-0.000919466 -0.000919466
-0.000963901 -0.000963901
-0.000900252 -0.000900252
-0.000943566 -0.000943566
-0.000893047 -0.000893047
-0.000897905 -0.000897905
-0.000921991 -0.000921991
-0.00097151 -0.00097151
-0.000919849 -0.000919849
-0.000926071 -0.000926071
-0.000949148 -0.000949148
-0.000927094 -0.000927094
-0.000931234 -0.000931234
-0.00092531 -0.00092531
-0.0009102 -0.0009102
-0.000924122 -0.000924122
-0.000907831 -0.000907831
-0.000880185 -0.000880185
-0.00094432 -0.00094432
-0.000894837 -0.000894837
-0.000915805 -0.000915805
-0.000935737 -0.000935737
-0.000935786 -0.000935786
-0.000921379 -0.000921379
-0.000952432 -0.000952432
-0.000950717 -0.000950717
-0.000908287 -0.000908287
-0.000937239 -0.000937239
-0.000925173 -0.000925173
-0.000893586 -0.000893586
-0.000946948 -0.000946948
-0.000934764 -0.000934764
-0.000945005 -0.000945005
-0.000940875 -0.000940875
-0.000896918 -0.000896918
-0.000919856 -0.000919856
-0.000914769 -0.000914769
-0.000943528 -0.000943528
-0.000958295 -0.000958295
-0.000949194 -0.000949194
-0.000907877 -0.000907877
-0.000934924 -0.000934924
-0.000932522 -0.000932522
-0.000926695 -0.000926695
-0.000890154 -0.000890154
-0.000939792 -0.000939792
-0.000924058 -0.000924058
-0.000913938 -0.000913938
-0.000902137 -0.000902137
-0.000927909 -0.000927909
-0.000950287 -0.000950287
-0.000929818 -0.000929818
-0.000919884 -0.000919884
-0.000915119 -0.000915119
-0.000922634 -0.000922634
-0.000911657 -0.000911657
-0.000906764 -0.000906764
-0.000925215 -0.000925215
-0.000911433 -0.000911433
-0.000968377 -0.000968377
-0.000950513 -0.000950513
-0.00092673 -0.00092673
-0.000936666 -0.000936666
-0.000915211 -0.000915211
-0.000946199 -0.000946199
-0.000867778 -0.000867778
-0.000942344 -0.000942344
-0.000925356 -0.000925356
-0.000914288 -0.000914288
-0.000931054 -0.000931054
-0.000930495 -0.000930495
-0.000915057 -0.000915057
-0.000954985 -0.000954985
-0.000930381 -0.000930381
-0.000908856 -0.000908856
-0.000912175 -0.000912175
-0.000888861 -0.000888861
-0.000918039 -0.000918039
-0.000927325 -0.000927325
-0.000946142 -0.000946142
-0.000941461 -0.000941461
-0.000939893 -0.000939893
-0.000933186 -0.000933186
-0.000932646 -0.000932646
-0.0009384 -0.0009384
-0.000939717 -0.000939717
-0.000916886 -0.000916886
-0.000932424 -0.000932424
-0.000916363 -0.000916363
-0.000925898 -0.000925898
-0.000915667 -0.000915667
-0.000970753 -0.000970753
-0.000929822 -0.000929822
-0.000929528 -0.000929528
-0.000910814 -0.000910814
-0.000980123 -0.000980123
-0.00091888 -0.00091888
-0.00094556 -0.00094556
-0.000907577 -0.000907577
-0.000910521 -0.000910521
-0.000920492 -0.000920492
-0.000955169 -0.000955169
-0.000917309 -0.000917309
-0.000921266 -0.000921266
-0.000927305 -0.000927305
-0.000926042 -0.000926042
-0.000933481 -0.000933481
-0.000931846 -0.000931846
-0.000933313 -0.000933313
-0.000913632 -0.000913632
-0.000880468 -0.000880468
-0.000909716 -0.000909716
-0.000915349 -0.000915349
-0.000910364 -0.000910364
-0.000913355 -0.000913355
-0.000945457 -0.000945457
-0.000920206 -0.000920206
-0.000935613 -0.000935613
-0.000929153 -0.000929153
-0.000928535 -0.000928535
-0.000939493 -0.000939493
-0.000952417 -0.000952417
-0.000910509 -0.000910509
-0.000947838 -0.000947838
-0.000912126 -0.000912126
-0.000906584 -0.000906584
-0.000902103 -0.000902103
-0.000925752 -0.000925752
-0.000915754 -0.000915754
-0.000910518 -0.000910518
-0.000926474 -0.000926474
-0.000940677 -0.000940677
-0.000930056 -0.000930056
-0.000934588 -0.000934588
-0.000939603 -0.000939603
-0.000904073 -0.000904073
-0.00092733 -0.00092733
-0.000912679 -0.000912679
-0.000924163 -0.000924163
-0.000902157 -0.000902157
-0.000912294 -0.000912294
-0.000945056 -0.000945056
-0.000902234 -0.000902234
-0.000951581 -0.000951581
-0.000945407 -0.000945407
-0.000942675 -0.000942675
-0.000916894 -0.000916894
-0.00094473 -0.00094473
-0.000932352 -0.000932352
-0.000930712 -0.000930712
-0.000910413 -0.000910413
-0.000904499 -0.000904499
-0.000911396 -0.000911396
-0.000928895 -0.000928895
-0.000927979 -0.000927979
-0.000917366 -0.000917366
-0.00089479 -0.00089479
-0.00092529 -0.00092529
-0.000905682 -0.000905682
-0.000929305 -0.000929305
-0.000939941 -0.000939941
-0.000937604 -0.000937604
-0.000889186 -0.000889186
-0.000891121 -0.000891121
-0.000931647 -0.000931647
-0.000901249 -0.000901249
-0.000914854 -0.000914854
-0.000933329 -0.000933329
-0.000980743 -0.000980743
-0.000957299 -0.000957299
-0.000903638 -0.000903638
-0.000947716 -0.000947716
-0.000909364 -0.000909364
-0.00092504 -0.00092504
-0.000939101 -0.000939101
-0.000942504 -0.000942504
-0.000902122 -0.000902122
-0.000940729 -0.000940729
-0.000932819 -0.000932819
-0.000927286 -0.000927286
-0.00096638 -0.00096638
-0.000952537 -0.000952537
-0.000931874 -0.000931874
-0.000925865 -0.000925865
-0.00091529 -0.00091529
-0.000895 -0.000895
-0.000953378 -0.000953378
-0.000958944 -0.000958944
-0.000912351 -0.000912351
-0.000933018 -0.000933018
-0.000917427 -0.000917427
-0.000947284 -0.000947284
-0.000939608 -0.000939608
-0.000968938 -0.000968938
-0.000944098 -0.000944098
-0.00096582 -0.00096582
-0.000920547 -0.000920547
-0.000948799 -0.000948799
-0.000920614 -0.000920614
-0.000934772 -0.000934772
-0.000923307 -0.000923307
-0.000916214 -0.000916214
-0.000922717 -0.000922717
-0.000928915 -0.000928916
-0.000918031 -0.000918031
-0.000902564 -0.000902564
-0.000920032 -0.000920032
-0.000964382 -0.000964382
-0.000913806 -0.000913806
-0.000891135 -0.000891135
-0.000940368 -0.000940368
-0.000946205 -0.000946205
-0.000954739 -0.000954739
-0.000913301 -0.000913301
-0.000948624 -0.000948624
-0.000910983 -0.000910983
-0.000893227 -0.000893227
-0.000953733 -0.000953733
-0.000925118 -0.000925118
-0.000943888 -0.000943888
-0.000931931 -0.000931931
-0.000935578 -0.000935578
-0.000951349 -0.000951349
-0.000900971 -0.000900971
-0.000912156 -0.000912156
-0.000909759 -0.000909759
-0.00091572 -0.00091572
-0.000884754 -0.000884754
-0.00095543 -0.00095543
-0.000944895 -0.000944895
-0.00090413 -0.00090413
-0.000911223 -0.000911223
-0.000940629 -0.000940629
-0.000883666 -0.000883666
-0.000910097 -0.000910097
-0.000947445 -0.000947445
-0.000919316 -0.000919316
-0.000924457 -0.000924457
-0.000947045 -0.000947045
-0.000948033 -0.000948033
-0.000936287 -0.000936287
-0.00093498 -0.00093498
-0.000932008 -0.000932008
-0.000898625 -0.000898625
-0.000917976 -0.000917976
-0.000945233 -0.000945233
-0.000924985 -0.000924985
-0.000913533 -0.000913533
-0.00093622 -0.00093622
-0.000930505 -0.000930505
-0.000907832 -0.000907832
-0.000936848 -0.000936848
-0.000932705 -0.000932705
-0.000956794 -0.000956794
-0.000932441 -0.000932441
-0.000911687 -0.000911687
-0.000927871 -0.000927871
-0.000940717 -0.000940717
-0.000907163 -0.000907163
-0.000931716 -0.000931716
-0.000912188 -0.000912188
-0.000897309 -0.000897309
-0.000926943 -0.000926943
-0.000916832 -0.000916832
-0.000913713 -0.000913713
-0.000965661 -0.000965661
-0.000917626 -0.000917626
-0.000911974 -0.000911974
-0.000906529 -0.000906529
-0.000902373 -0.000902373
-0.000943665 -0.000943665
-0.000925374 -0.000925374
-0.000903591 -0.000903591
-0.000919062 -0.000919062
-0.000928875 -0.000928875
-0.000932148 -0.000932148
-0.000918138 -0.000918138
-0.000929383 -0.000929383
-0.000909107 -0.000909107
-0.000920987 -0.000920987
-0.000918888 -0.000918888
-0.000937171 -0.000937171
-0.000914828 -0.000914828
-0.000931607 -0.000931607
-0.000922585 -0.000922585
-0.000956109 -0.000956109
-0.000927735 -0.000927735
-0.000918754 -0.000918754
-0.000938466 -0.000938466
-0.00093826 -0.00093826
-0.000915437 -0.000915437
-0.000914471 -0.000914471
-0.000943443 -0.000943443
-0.000926113 -0.000926113
-0.000883608 -0.000883608
-0.00091644 -0.00091644
-0.000938248 -0.000938248
-0.000936707 -0.000936707
-0.0009502 -0.0009502
-0.000915149 -0.000915149
-0.000938421 -0.000938421
-0.000891692 -0.000891692
-0.000930072 -0.000930072
-0.000957502 -0.000957502
-0.000885663 -0.000885663
-0.000940079 -0.000940079
-0.000943797 -0.000943797
-0.000949969 -0.000949969
-0.000921711 -0.000921711
-0.000888531 -0.000888531
-0.000913772 -0.000913772
-0.000909944 -0.000909944
-0.000970492 -0.000970492
-0.000944174 -0.000944174
-0.000915129 -0.000915129
-0.000922886 -0.000922886
-0.000928999 -0.000928999
-0.000900925 -0.000900925
-0.000940592 -0.000940592
-0.000924907 -0.000924907
-0.000920983 -0.000920983
-0.00093904 -0.00093904
-0.000908216 -0.000908216
-0.000950812 -0.000950812
-0.000931544 -0.000931544
-0.000917655 -0.000917655
-0.0009662 -0.0009662
-0.000912987 -0.000912987
-0.000923803 -0.000923803
-0.000902744 -0.000902744
-0.000921975 -0.000921975
-0.000934053 -0.000934053
-0.000940877 -0.000940877
-0.000937729 -0.000937729
-0.000910243 -0.000910243
-0.000943813 -0.000943813
-0.000919316 -0.000919316
-0.000928242 -0.000928242
-0.000917437 -0.000917437
-0.000918193 -0.000918193
-0.000919121 -0.000919121
-0.000951323 -0.000951323
-0.000941272 -0.000941272
-0.000923981 -0.000923981
-0.000919424 -0.000919424
-0.000899718 -0.000899718
-0.000890557 -0.000890557
-0.000945067 -0.000945067
-0.0009198 -0.0009198
-0.000916947 -0.000916947
-0.000923602 -0.000923602
-0.000918909 -0.000918909
-0.000941379 -0.000941379
-0.000930294 -0.000930294
-0.000927081 -0.000927081
-0.000926297 -0.000926297
-0.000933657 -0.000933657
-0.00089242 -0.00089242
-0.000903682 -0.000903682
-0.000913372 -0.000913372
-0.00093577 -0.00093577
-0.000947897 -0.000947897
-0.000887278 -0.000887278
-0.000929848 -0.000929848
-0.000914045 -0.000914045
-0.000911089 -0.000911089
-0.000932989 -0.000932989
-0.000924381 -0.000924381
-0.000941517 -0.000941517
-0.0008961 -0.0008961
-0.000937383 -0.000937383
-0.000949706 -0.000949706
-0.000919165 -0.000919165
-0.000910582 -0.000910582
-0.000920664 -0.000920664
-0.000904451 -0.000904451
-0.000926897 -0.000926897
-0.000954735 -0.000954735
-0.000907142 -0.000907142
-0.000888206 -0.000888206
-0.000946339 -0.000946339
-0.000919311 -0.000919311
-0.000921961 -0.000921961
-0.000940781 -0.000940781
-0.000932934 -0.000932934
-0.000937253 -0.000937253
-0.000945022 -0.000945022
-0.000910917 -0.000910917
-0.000931966 -0.000931966
-0.000930697 -0.000930697
-0.000934293 -0.000934293
-0.000921537 -0.000921537
-0.000940478 -0.000940478
-0.000898613 -0.000898613
-0.000922776 -0.000922776
-0.000941914 -0.000941914
-0.000930255 -0.000930255
-0.000916516 -0.000916516
-0.000948013 -0.000948013
-0.000936789 -0.000936789
-0.000920689 -0.000920689
-0.000924903 -0.000924903
-0.000907084 -0.000907084
-0.000911399 -0.000911399
-0.000908536 -0.000908536
-0.000908092 -0.000908092
-0.000918814 -0.000918814
-0.000920472 -0.000920472
-0.000906292 -0.000906292
-0.000910503 -0.000910503
-0.000907222 -0.000907222
-0.000936074 -0.000936074
-0.000900025 -0.000900025
-0.000928423 -0.000928423
-0.000936265 -0.000936265
-0.000907924 -0.000907924
-0.000927177 -0.000927177
-0.000886265 -0.000886265
-0.000916778 -0.000916778
-0.000908583 -0.000908583
-0.000943388 -0.000943388
-0.00094554 -0.00094554
-0.000931585 -0.000931585
-0.000932976 -0.000932976
-0.000928173 -0.000928173
-0.000934472 -0.000934472
-0.000915527 -0.000915527
-0.000938959 -0.000938959
-0.00092322 -0.00092322
-0.000905897 -0.000905897
-0.000911971 -0.000911971
-0.00090703 -0.00090703
-0.000908515 -0.000908515
-0.000899679 -0.000899679
-0.000923151 -0.000923151
-0.000936644 -0.000936644
-0.000948733 -0.000948733
-0.000945487 -0.000945487
-0.000911391 -0.000911391
-0.00092011 -0.00092011
-0.000918604 -0.000918604
-0.000911228 -0.000911228
-0.000918724 -0.000918724
-0.000896724 -0.000896724
-0.000935017 -0.000935017
-0.000958741 -0.000958741
-0.000966174 -0.000966174
-0.000917954 -0.000917954
-0.000918145 -0.000918145
-0.000926938 -0.000926938
-0.000912528 -0.000912528
-0.000907685 -0.000907685
-0.000894952 -0.000894952
-0.000942003 -0.000942003
-0.000899962 -0.000899962
-0.000940116 -0.000940116
-0.000909122 -0.000909122
-0.000883681 -0.000883681
-0.00091479 -0.00091479
-0.000928638 -0.000928638
-0.000926062 -0.000926062
-0.000903982 -0.000903982
-0.000913321 -0.000913321
-0.000951451 -0.000951451
-0.000937484 -0.000937484
-0.000932887 -0.000932887
-0.000949259 -0.000949259
-0.000939278 -0.000939278
-0.000928336 -0.000928336
-0.000948662 -0.000948662
-0.00091358 -0.00091358
-0.000929494 -0.000929494
-0.000945309 -0.000945309
-0.000922948 -0.000922948
-0.000919398 -0.000919398
-0.00092701 -0.00092701
-0.000933872 -0.000933872
-0.000949356 -0.000949356
-0.000932341 -0.000932341
-0.00095219 -0.00095219
-0.000912358 -0.000912358
-0.000960762 -0.000960762
-0.000910829 -0.000910829
-0.000904086 -0.000904086
-0.000959957 -0.000959957
-0.00093212 -0.00093212
-0.000942456 -0.000942456
-0.000946301 -0.000946301
-0.000943319 -0.000943319
-0.000933593 -0.000933593
-0.000929153 -0.000929153
-0.000925521 -0.000925521
-0.000920113 -0.000920113
-0.000908356 -0.000908356
-0.000931254 -0.000931254
-0.000895369 -0.000895369
-0.000934452 -0.000934452
-0.000936781 -0.000936781
-0.000928573 -0.000928573
-0.000917331 -0.000917331
-0.000964302 -0.000964302
-0.00095751 -0.00095751
-0.000971073 -0.000971073
-0.000896752 -0.000896752
-0.000926186 -0.000926186
-0.000924479 -0.000924479
-0.000930069 -0.000930069
-0.000955098 -0.000955098
-0.000940128 -0.000940128
-0.000939611 -0.000939611
-0.000924478 -0.000924478
-0.000950984 -0.000950984
-0.000946104 -0.000946104
-0.000957705 -0.000957705
-0.000907961 -0.000907961
-0.000930287 -0.000930287
-0.000914844 -0.000914844
-0.000964806 -0.000964806
-0.000901202 -0.000901202
-0.000944563 -0.000944563
-0.000908366 -0.000908366
-0.000918356 -0.000918356
-0.000945332 -0.000945332
-0.00095078 -0.00095078
-0.000916404 -0.000916404
-0.000914844 -0.000914844
-0.000902232 -0.000902232
-0.000931541 -0.000931541
-0.000919262 -0.000919262
-0.000933452 -0.000933452
-0.000919603 -0.000919603
-0.000928338 -0.000928338
-0.000927446 -0.000927446
-0.000921473 -0.000921473
-0.000921051 -0.000921051
-0.000890282 -0.000890282
-0.000913051 -0.000913051
-0.000945116 -0.000945116
-0.000932901 -0.000932901
-0.00090266 -0.00090266
-0.000877515 -0.000877515
-0.000930077 -0.000930077
-0.000895452 -0.000895452
-0.000911508 -0.000911508
-0.000942201 -0.000942201
-0.000938692 -0.000938692
-0.000912402 -0.000912402
-0.000934774 -0.000934774
-0.000931073 -0.000931073
-0.000922153 -0.000922153
-0.000922613 -0.000922613
-0.000925866 -0.000925866
-0.000926765 -0.000926765
-0.000903001 -0.000903001
-0.000906661 -0.000906661
-0.000906612 -0.000906612
-0.000912799 -0.000912799
-0.000907508 -0.000907508
-0.000933029 -0.000933029
-0.000916313 -0.000916313
-0.000902769 -0.000902769
-0.000918281 -0.000918281
-0.000927272 -0.000927272
-0.000925942 -0.000925942
-0.000906711 -0.000906711
-0.000943623 -0.000943623
-0.000941672 -0.000941672
-0.000949368 -0.000949368
-0.00092729 -0.00092729
-0.000925253 -0.000925253
-0.000924382 -0.000924382
-0.000872832 -0.000872832
-0.000910455 -0.000910455
-0.000937397 -0.000937397
-0.000943589 -0.000943589
-0.000883229 -0.000883229
-0.000940568 -0.000940568
-0.000924852 -0.000924852
-0.00094611 -0.00094611
-0.000951604 -0.000951604
-0.000917389 -0.000917389
-0.000903914 -0.000903914
-0.000954777 -0.000954777
-0.000943566 -0.000943566
-0.000946798 -0.000946798
-0.000901322 -0.000901322
-0.000930824 -0.000930824
-0.000927999 -0.000927999
-0.000950336 -0.000950336
-0.000923 -0.000923
-0.000933024 -0.000933024
-0.000896688 -0.000896688
-0.000916904 -0.000916904
-0.000908658 -0.000908658
-0.000898428 -0.000898428
-0.000910463 -0.000910463
-0.000921675 -0.000921675
-0.00092845 -0.00092845
-0.000889858 -0.000889858
-0.000921904 -0.000921904
-0.000933415 -0.000933415
-0.000928289 -0.000928289
-0.000905695 -0.000905695
-0.000960368 -0.000960368
-0.000922881 -0.000922881
-0.00093165 -0.00093165
-0.000918109 -0.000918109
-0.000911711 -0.000911711
-0.000950013 -0.000950013
-0.000928889 -0.000928889
-0.000925823 -0.000925823
-0.000925274 -0.000925274
-0.000916875 -0.000916875
-0.000897518 -0.000897518
-0.000949677 -0.000949677
-0.000935871 -0.000935871
-0.000905238 -0.000905238
-0.000950902 -0.000950902
-0.000950461 -0.000950461
-0.000903447 -0.000903447
-0.000903768 -0.000903768
-0.000889633 -0.000889633
-0.000928 -0.000928
-0.000910245 -0.000910245
-0.000927101 -0.000927101
-0.00092224 -0.00092224
-0.000908864 -0.000908864
-0.000921237 -0.000921237
-0.000951555 -0.000951555
-0.000929071 -0.000929071
-0.000947275 -0.000947275
-0.000914184 -0.000914184
-0.000914357 -0.000914357
-0.000941168 -0.000941168
-0.000936149 -0.000936149
-0.00090492 -0.00090492
-0.000933848 -0.000933848
-0.000930122 -0.000930122
-0.000934199 -0.000934199
-0.000944861 -0.000944861
-0.000943608 -0.000943608
-0.000885604 -0.000885604
-0.00096013 -0.00096013
-0.000900319 -0.000900319
-0.000924367 -0.000924367
-0.000933391 -0.000933391
-0.000923123 -0.000923123
-0.000918679 -0.000918679
-0.000912027 -0.000912027
-0.000923338 -0.000923338
-0.00093067 -0.00093067
-0.000889936 -0.000889936
-0.00092122 -0.00092122
-0.000899795 -0.000899795
-0.000916737 -0.000916737
-0.000906703 -0.000906703
-0.000921346 -0.000921346
-0.000910096 -0.000910096
-0.000903561 -0.000903561
-0.000912854 -0.000912854
-0.000931321 -0.000931321
