current data point = 85000
-8.53917e-008 -8.53895e-008
-1.31487e-007 -1.31486e-007
-2.08238e-008 -2.08189e-008
-1.72623e-007 -1.72626e-007
-7.20478e-008 -7.2049e-008
-8.81741e-007 -8.81748e-007
-6.99109e-007 -6.99121e-007
-1.67349e-007 -1.67351e-007
-1.84673e-007 -1.8467e-007
-1.25477e-008 -1.25588e-008
-2.03424e-007 -2.03428e-007
-1.63335e-009 -1.63425e-009
-6.2765e-010 -6.21725e-010
-8.38023e-008 -8.38085e-008
-2.59146e-009 -2.59348e-009
-4.8497e-010 -4.79616e-010
-9.62001e-010 -9.59233e-010
-3.06358e-009 -3.0731e-009
-1.31464e-008 -1.3145e-008
-2.1636e-008 -2.1636e-008
-3.90304e-008 -3.90266e-008
-8.73101e-009 -8.72191e-009
-2.78756e-008 -2.7871e-008
-5.69809e-008 -5.69855e-008
-4.57863e-008 -4.57767e-008
-5.07967e-008 -5.08038e-008
-1.38774e-008 -1.38733e-008
-2.1343e-008 -2.1334e-008
-7.16255e-008 -7.16227e-008
-3.58403e-008 -3.58469e-008
-7.96769e-005 -7.96769e-005
-5.43195e-005 -5.43195e-005
-0.00032837 -0.00032837
-0.000180943 -0.000180943
-0.000289 -0.000289
-1.07282e-009 -1.08358e-009
-3.02153e-011 -1.77636e-011
-1.027e-007 -1.02709e-007
-1.69745e-008 -1.69642e-008
-4.7435e-008 -4.74287e-008
-9.38012e-008 -9.37916e-008
-3.44225e-008 -3.44258e-008
-5.54367e-008 -5.54401e-008
-9.36433e-008 -9.36495e-008
-3.03169e-008 -3.03224e-008
-9.85869e-008 -9.85878e-008
-7.96859e-008 -7.96874e-008
-5.31998e-008 -5.32019e-008
-2.6245e-008 -2.62368e-008
-9.04205e-008 -9.04166e-008
-2.51771e-008 -2.5171e-008
-3.10966e-008 -3.1104e-008
-1.99146e-008 -1.9913e-008
-1.11759e-007 -1.11768e-007
-1.55466e-007 -1.55467e-007
-5.11801e-006 -5.118e-006
-6.83904e-006 -6.83903e-006
-1.94731e-005 -1.94731e-005
-0.000668106 -0.000668106
-0.00221806 -0.00221806
-4.1865e-008 -4.18687e-008
-1.15126e-007 -1.15126e-007
-3.50884e-008 -3.5083e-008
-2.81052e-008 -2.8102e-008
-1.61006e-008 -1.61116e-008
-5.24672e-009 -5.24025e-009
-1.82749e-007 -1.82752e-007
-1.01148e-007 -1.01146e-007
-2.56614e-008 -2.56684e-008
-7.89453e-008 -7.89413e-008
-1.43119e-007 -1.43121e-007
-6.54815e-008 -6.54765e-008
-4.9797e-008 -4.97913e-008
-7.05273e-008 -7.05214e-008
-5.33658e-008 -5.33618e-008
-2.25398e-008 -2.2542e-008
-4.58527e-008 -4.58478e-008
-4.2542e-008 -4.25437e-008
-4.01973e-007 -4.01972e-007
-3.71267e-007 -3.71259e-007
-6.0734e-006 -6.0734e-006
-7.75045e-005 -7.75045e-005
-5.32726e-005 -5.32726e-005
-0.000133534 -0.000133534
-3.80248e-007 -3.80247e-007
-1.03573e-008 -1.03562e-008
-1.42692e-007 -1.42695e-007
-7.98415e-008 -7.98472e-008
-1.72558e-008 -1.72484e-008
-2.47578e-008 -2.47624e-008
-2.26216e-008 -2.2613e-008
-4.99687e-008 -4.99689e-008
-9.994e-008 -9.99378e-008
-6.78378e-008 -6.78391e-008
-4.73421e-008 -4.73399e-008
-5.42514e-008 -5.42499e-008
-7.44272e-008 -7.44294e-008
-7.56072e-008 -7.56017e-008
-1.15815e-008 -1.15818e-008
-2.25158e-007 -2.25171e-007
-5.52537e-008 -5.52625e-008
-1.55917e-007 -1.55929e-007
-2.8553e-006 -2.8553e-006
-5.08395e-006 -5.08395e-006
-3.51481e-005 -3.51481e-005
-3.61985e-005 -3.61985e-005
-0.000240328 -0.000240328
0.0101319 0.0101319
-1.50074e-006 -1.50074e-006
-3.00622e-006 -3.00622e-006
-1.05747e-008 -1.05693e-008
-3.67545e-008 -3.67528e-008
-2.31098e-009 -2.30926e-009
-1.04269e-008 -1.04272e-008
-1.43417e-007 -1.43423e-007
-5.23671e-007 -5.2367e-007
-3.43123e-008 -3.43015e-008
-3.01608e-008 -3.01625e-008
-5.13735e-008 -5.13722e-008
-1.31842e-007 -1.31841e-007
-5.41121e-008 -5.41078e-008
-2.92032e-007 -2.92033e-007
-4.55276e-007 -4.5528e-007
-9.533e-007 -9.533e-007
-5.93251e-007 -5.9325e-007
-1.41638e-006 -1.41638e-006
-1.77948e-006 -1.77948e-006
-1.30068e-007 -1.30065e-007
-4.36917e-006 -4.36916e-006
-2.2134e-006 -2.21339e-006
-1.12662e-005 -1.12662e-005
-5.15581e-006 -5.1558e-006
-5.342e-009 -5.34683e-009
-1.51183e-007 -1.51186e-007
-1.72701e-007 -1.72697e-007
-2.58566e-008 -2.5846e-008
-6.54241e-008 -6.54232e-008
-2.88832e-008 -2.88836e-008
-2.07215e-008 -2.07301e-008
-5.17068e-008 -5.17097e-008
-3.26164e-008 -3.26139e-008
-8.86436e-008 -8.86402e-008
-7.21099e-008 -7.21023e-008
-6.20052e-008 -6.20126e-008
-4.56434e-008 -4.56346e-008
-2.36998e-008 -2.36966e-008
-3.99488e-008 -3.99503e-008
-6.14866e-008 -6.14797e-008
-1.19471e-007 -1.19478e-007
-1.58639e-008 -1.58629e-008
-4.51947e-008 -4.51905e-008
-2.72388e-008 -2.72316e-008
-4.41597e-008 -4.41602e-008
-7.52151e-007 -7.52145e-007
-4.31793e-007 -4.31797e-007
-2.30186e-006 -2.30187e-006
-3.39395e-008 -3.39462e-008
-3.19106e-007 -3.19105e-007
-1.10489e-008 -1.10489e-008
-1.29152e-008 -1.29141e-008
-2.13115e-008 -2.13163e-008
-4.1674e-009 -4.17444e-009
-5.36857e-009 -5.3646e-009
-7.84641e-009 -7.83373e-009
-8.99025e-009 -8.98837e-009
-2.79745e-008 -2.79776e-008
-4.63445e-009 -4.63629e-009
-2.05472e-008 -2.05524e-008
-4.57528e-008 -4.5759e-008
-6.06451e-008 -6.06448e-008
-4.2467e-008 -4.24727e-008
-4.15137e-008 -4.15135e-008
-4.73972e-008 -4.73932e-008
-6.72543e-008 -6.72529e-008
-3.90475e-008 -3.90443e-008
-4.77969e-008 -4.78018e-008
-4.16306e-008 -4.162e-008
-1.27343e-007 -1.27347e-007
-5.92326e-008 -5.92415e-008
-2.07779e-007 -2.0778e-007
-2.28148e-008 -2.28262e-008
-5.39899e-008 -5.39835e-008
-7.96159e-008 -7.96163e-008
-5.26301e-008 -5.26335e-008
-7.46339e-008 -7.46425e-008
-9.61062e-008 -9.61009e-008
-4.07962e-008 -4.08029e-008
-2.47319e-008 -2.47269e-008
-9.57924e-008 -9.57989e-008
-1.62068e-008 -1.62181e-008
-5.43773e-008 -5.43743e-008
-3.95192e-008 -3.95239e-008
-3.76487e-008 -3.7641e-008
-1.63778e-008 -1.6378e-008
-5.88385e-008 -5.88329e-008
-5.07037e-008 -5.06972e-008
-9.25862e-008 -9.25837e-008
-3.84784e-008 -3.84759e-008
-4.48245e-008 -4.48175e-008
-4.99615e-008 -4.99689e-008
-1.65685e-007 -1.65681e-007
-2.36702e-008 -2.36788e-008
-4.29317e-007 -4.2931e-007
-1.09786e-008 -1.09779e-008
-3.83511e-008 -3.83515e-008
-7.82917e-008 -7.8284e-008
-1.76233e-008 -1.76215e-008
-4.71709e-008 -4.71623e-008
-1.34634e-007 -1.3463e-007
-6.72161e-008 -6.72173e-008
-8.08871e-008 -8.08953e-008
-5.08316e-008 -5.08216e-008
-2.00525e-008 -2.00551e-008
-2.44184e-008 -2.44249e-008
-6.02514e-008 -6.0254e-008
-6.7547e-008 -6.75549e-008
-6.88834e-008 -6.88871e-008
-5.20662e-008 -5.2065e-008
-4.92319e-008 -4.92228e-008
-9.57871e-008 -9.57812e-008
-5.25876e-008 -5.25802e-008
-3.19273e-008 -3.19211e-008
-1.74216e-007 -1.74225e-007
-7.64337e-008 -7.64366e-008
-8.40673e-008 -8.4075e-008
-1.87468e-008 -1.87406e-008
-3.97491e-006 -3.97492e-006
-8.95465e-005 -8.95465e-005
-2.3384e-010 -2.30926e-010
-3.49693e-007 -3.49694e-007
-7.35158e-009 -7.35412e-009
-5.41483e-008 -5.41434e-008
-2.57038e-009 -2.57572e-009
-2.40188e-008 -2.40163e-008
-6.39109e-008 -6.39133e-008
-3.01164e-008 -3.01092e-008
-1.45565e-008 -1.45484e-008
-1.27264e-007 -1.27258e-007
-4.61967e-008 -4.6203e-008
-2.97246e-008 -2.97184e-008
-5.65084e-008 -5.65059e-008
-4.57932e-008 -4.57945e-008
-1.14899e-007 -1.14895e-007
-8.58744e-008 -8.58691e-008
-4.69696e-008 -4.69669e-008
-1.36438e-006 -1.36437e-006
-1.45024e-006 -1.45024e-006
-1.72472e-006 -1.72474e-006
-3.02238e-006 -3.02238e-006
-3.24335e-006 -3.24334e-006
-3.51818e-006 -3.51816e-006
-0.000169045 -0.000169045
-1.99558e-006 -1.99558e-006
-3.86558e-007 -3.86553e-007
-2.7454e-008 -2.74447e-008
-4.37464e-009 -4.36984e-009
-8.45174e-009 -8.45546e-009
-7.91811e-009 -7.92255e-009
-6.71001e-008 -6.7093e-008
-2.52135e-008 -2.52065e-008
-2.66446e-008 -2.66454e-008
-5.25389e-008 -5.25446e-008
-2.20418e-008 -2.20446e-008
-5.53082e-008 -5.53158e-008
-6.41102e-008 -6.41087e-008
-3.46971e-008 -3.46922e-008
-2.33598e-007 -2.33591e-007
-3.42489e-007 -3.42482e-007
-1.83054e-008 -1.83142e-008
-1.53426e-008 -1.53477e-008
-5.70759e-008 -5.70743e-008
-8.37916e-008 -8.37908e-008
-2.30639e-008 -2.30749e-008
-5.01361e-009 -5.00933e-009
-7.28403e-008 -7.28484e-008
-9.64849e-008 -9.64917e-008
-2.52074e-008 -2.52065e-008
-6.46218e-009 -6.46594e-009
-2.00774e-009 -2.00728e-009
-4.86545e-010 -4.79616e-010
-1.33248e-009 -1.33227e-009
-1.28651e-009 -1.29674e-009
-5.58826e-009 -5.59552e-009
-8.50179e-009 -8.50875e-009
-1.65815e-008 -1.65734e-008
-3.39299e-008 -3.39284e-008
-4.42839e-008 -4.42846e-008
-4.26018e-008 -4.2597e-008
-3.06926e-008 -3.06954e-008
-3.09806e-008 -3.09797e-008
-3.12264e-008 -3.12284e-008
-1.74919e-008 -1.74971e-008
-9.88621e-009 -9.89431e-009
-5.95975e-009 -5.9508e-009
-4.67654e-008 -4.67715e-008
-1.26392e-007 -1.26388e-007
-4.2854e-008 -4.28635e-008
-1.03592e-007 -1.03597e-007
-1.47638e-007 -1.47633e-007
-1.94528e-007 -1.94529e-007
-3.8884e-008 -3.88845e-008
-1.0622e-006 -1.06219e-006
-2.61374e-008 -2.61302e-008
-8.61374e-009 -8.61533e-009
-3.31608e-008 -3.31646e-008
-1.97746e-008 -1.97709e-008
-1.86676e-008 -1.86695e-008
-2.58302e-008 -2.58282e-008
-1.87719e-008 -1.87761e-008
-3.82634e-008 -3.82627e-008
-7.78426e-008 -7.784e-008
-8.66919e-008 -8.66862e-008
-3.76724e-008 -3.76765e-008
-8.022e-008 -8.02203e-008
-1.37301e-007 -1.37312e-007
-9.69395e-008 -9.69358e-008
-1.93279e-007 -1.93268e-007
-2.13638e-007 -2.13625e-007
-1.09162e-006 -1.09161e-006
-1.04988e-007 -1.04983e-007
-5.50636e-007 -5.50635e-007
-1.02338e-006 -1.02339e-006
-5.22775e-007 -5.22764e-007
-5.70816e-008 -5.70743e-008
-4.46254e-008 -4.46221e-008
-2.15688e-006 -2.15689e-006
-4.45326e-009 -4.45866e-009
-4.94386e-009 -4.95604e-009
-9.77944e-009 -9.78773e-009
-1.62083e-007 -1.62075e-007
-2.25974e-007 -2.25988e-007
-2.01448e-007 -2.01439e-007
-2.88698e-007 -2.88694e-007
-1.7467e-008 -1.74616e-008
-7.66773e-008 -7.66853e-008
-1.90452e-007 -1.90461e-007
-6.08448e-008 -6.08402e-008
-2.21063e-008 -2.21156e-008
-3.63251e-008 -3.63265e-008
-6.88864e-008 -6.88871e-008
-6.60133e-008 -6.60094e-008
-5.05806e-008 -5.05729e-008
-1.30517e-007 -1.30527e-007
-5.17231e-008 -5.17275e-008
-1.47272e-008 -1.4726e-008
-6.77146e-008 -6.77147e-008
-2.25669e-008 -2.25775e-008
-1.18416e-007 -1.18412e-007
-1.49427e-007 -1.49427e-007
-5.41114e-008 -5.41078e-008
-1.49038e-008 -1.49036e-008
-9.29312e-008 -9.2939e-008
-8.05636e-008 -8.05578e-008
-9.70818e-009 -9.71667e-009
-1.67539e-008 -1.6751e-008
-5.01694e-008 -5.01643e-008
-2.03344e-008 -2.03393e-008
-7.98326e-008 -7.98295e-008
-9.13569e-008 -9.1358e-008
-5.14526e-008 -5.14611e-008
-1.44758e-008 -1.44773e-008
-6.35959e-008 -6.35936e-008
-3.42822e-008 -3.42837e-008
-1.34536e-008 -1.3447e-008
-4.45817e-008 -4.45866e-008
-1.78739e-008 -1.78701e-008
-2.36276e-008 -2.36255e-008
-5.93932e-008 -5.93836e-008
-4.01918e-008 -4.0199e-008
-8.38854e-008 -8.38796e-008
-3.9209e-008 -3.92042e-008
-2.05374e-008 -2.05347e-008
-7.47403e-008 -7.47491e-008
-3.05698e-008 -3.05711e-008
-6.6906e-009 -6.69687e-009
-1.69318e-008 -1.69287e-008
-8.71097e-009 -8.72191e-009
-7.24209e-009 -7.22977e-009
-2.63997e-008 -2.63967e-008
-8.84901e-008 -8.84981e-008
-4.34051e-008 -4.33964e-008
-2.77982e-008 -2.78e-008
-2.8491e-008 -2.84928e-008
-5.55583e-008 -5.55644e-008
-1.32448e-007 -1.32445e-007
-5.64934e-008 -5.64881e-008
-3.2354e-008 -3.23475e-008
-4.75921e-008 -4.75886e-008
-1.66885e-007 -1.66889e-007
-1.36714e-007 -1.36708e-007
-5.39093e-007 -5.39107e-007
-1.07589e-007 -1.07594e-007
-1.43446e-006 -1.43446e-006
-5.14546e-007 -5.14557e-007
-7.16121e-008 -7.16049e-008
-6.37236e-009 -6.37712e-009
-2.16196e-008 -2.16183e-008
-3.89926e-008 -3.8991e-008
-1.40823e-009 -1.40332e-009
-5.6857e-010 -5.68434e-010
-9.90907e-009 -9.91207e-009
-2.0058e-009 -2.00728e-009
-1.26809e-008 -1.26832e-008
-1.27517e-008 -1.27542e-008
-1.84115e-008 -1.84208e-008
-5.44823e-008 -5.44809e-008
-5.50614e-008 -5.50671e-008
-2.52663e-008 -2.52776e-008
-2.06004e-008 -2.06057e-008
-3.28898e-008 -3.28804e-008
-3.10224e-008 -3.1033e-008
-1.4412e-008 -1.44063e-008
-2.20776e-008 -2.20801e-008
-1.4655e-007 -1.46549e-007
-4.63451e-008 -4.63451e-008
-4.18604e-008 -4.18687e-008
-3.28504e-008 -3.28448e-008
-2.63318e-008 -2.63256e-008
-9.01553e-008 -9.01501e-008
-1.93788e-008 -1.93801e-008
-3.15091e-009 -3.14415e-009
-4.58597e-008 -4.58655e-008
-6.02052e-009 -6.02185e-009
-9.02226e-010 -9.05942e-010
-9.07363e-010 -9.05942e-010
-4.13354e-009 -4.13891e-009
-9.69868e-009 -9.69891e-009
-1.90611e-008 -1.90603e-008
-5.12521e-008 -5.12479e-008
-2.84961e-008 -2.84928e-008
-4.64427e-008 -4.64517e-008
-2.87181e-008 -2.87237e-008
-1.2624e-008 -1.26299e-008
-8.14684e-008 -8.14637e-008
-2.96369e-008 -2.96474e-008
-3.4803e-008 -3.47988e-008
-1.35608e-008 -1.35536e-008
-4.39025e-008 -4.38938e-008
-1.09724e-007 -1.09726e-007
-5.11056e-008 -5.11058e-008
-1.07152e-007 -1.0715e-007
-9.16616e-008 -9.166e-008
-1.02436e-007 -1.02442e-007
-4.01627e-008 -4.01634e-008
-1.66741e-009 -1.66978e-009
-1.2572e-008 -1.25766e-008
-4.02882e-009 -4.03233e-009
-1.96774e-009 -1.97176e-009
-3.19162e-009 -3.17968e-009
-4.19305e-010 -4.08562e-010
-8.04806e-010 -7.99361e-010
-1.86396e-009 -1.86517e-009
-7.33226e-010 -7.28306e-010
-1.03053e-009 -1.03029e-009
-1.53142e-009 -1.52767e-009
-2.55752e-009 -2.55795e-009
-1.09197e-007 -1.09193e-007
-3.32821e-008 -3.32712e-008
-2.84347e-008 -2.84395e-008
-4.15959e-008 -4.16023e-008
-2.46244e-008 -2.46203e-008
-8.83687e-008 -8.83738e-008
-1.29074e-008 -1.29141e-008
-2.0307e-008 -2.03038e-008
-3.2857e-008 -3.28626e-008
-9.5966e-008 -9.59588e-008
-8.232e-008 -8.23164e-008
-1.0125e-007 -1.01252e-007
-5.81293e-009 -5.80869e-009
-1.42396e-007 -1.42393e-007
-5.49812e-009 -5.48894e-009
-1.10033e-008 -1.09956e-008
-9.03953e-009 -9.04166e-009
-4.24198e-009 -4.24549e-009
-6.22445e-008 -6.22435e-008
-1.0548e-007 -1.0548e-007
-7.97364e-008 -7.97407e-008
-8.29818e-008 -8.29736e-008
-3.08524e-008 -3.08553e-008
-3.81073e-008 -3.81029e-008
-5.946e-008 -5.94547e-008
-2.64918e-008 -2.64855e-008
-1.48277e-008 -1.48326e-008
-2.85441e-008 -2.85461e-008
-1.01923e-007 -1.01927e-007
-3.59443e-008 -3.59357e-008
-5.72771e-007 -5.72786e-007
-1.1957e-007 -1.19567e-007
-1.34741e-007 -1.34737e-007
-6.11943e-006 -6.11942e-006
-6.64375e-007 -6.64375e-007
-0.000122021 -0.000122021
-4.64294e-007 -4.64286e-007
-1.57512e-007 -1.5751e-007
-4.59941e-009 -4.60076e-009
-7.01113e-009 -7.01661e-009
-9.44857e-009 -9.45022e-009
-4.19042e-008 -4.19043e-008
-6.44947e-008 -6.44995e-008
-1.82525e-007 -1.82538e-007
-8.32112e-008 -8.32046e-008
-1.28643e-007 -1.28644e-007
-7.78168e-008 -7.78222e-008
-2.86561e-008 -2.86526e-008
-3.15951e-008 -3.16014e-008
-2.52033e-008 -2.52065e-008
-4.50166e-008 -4.50129e-008
-9.53357e-008 -9.53371e-008
-4.53278e-008 -4.53326e-008
-5.19732e-008 -5.19762e-008
-2.16967e-007 -2.16964e-007
-1.48151e-008 -1.48148e-008
-1.8914e-008 -1.89182e-008
-3.79796e-008 -3.79785e-008
-6.06611e-008 -6.06626e-008
-7.27691e-008 -7.27773e-008
-1.73316e-009 -1.72307e-009
-6.19102e-008 -6.1906e-008
-3.50473e-008 -3.50475e-008
-2.48427e-008 -2.48512e-008
-1.14453e-007 -1.14451e-007
-1.29684e-007 -1.29674e-007
-5.34361e-008 -5.34328e-008
-1.06707e-007 -1.06706e-007
-2.817e-008 -2.8173e-008
-4.13204e-008 -4.13181e-008
-2.86711e-008 -2.86704e-008
-3.4609e-008 -3.46034e-008
-3.84156e-008 -3.84226e-008
-9.12027e-008 -9.11982e-008
-4.12539e-008 -4.1247e-008
-1.97078e-008 -1.96998e-008
-8.44739e-008 -8.44658e-008
-7.65369e-008 -7.65432e-008
-8.36674e-008 -8.36664e-008
-5.60167e-007 -5.60174e-007
-1.2956e-005 -1.2956e-005
-1.18275e-005 -1.18275e-005
-7.25125e-005 -7.25125e-005
-8.63251e-006 -8.63251e-006
-4.00399e-008 -4.00391e-008
-6.46392e-008 -6.46416e-008
-3.20471e-008 -3.20455e-008
-5.88715e-008 -5.88685e-008
-7.50524e-008 -7.50511e-008
-9.34635e-008 -9.34719e-008
-1.61466e-007 -1.61471e-007
-2.5741e-008 -2.57394e-008
-3.82638e-008 -3.82627e-008
-1.02704e-008 -1.02673e-008
-4.20594e-008 -4.20641e-008
-6.7588e-008 -6.75904e-008
-2.00725e-007 -2.00728e-007
-4.94011e-008 -4.94005e-008
-4.11303e-008 -4.11227e-008
-6.48825e-008 -6.48903e-008
-1.47958e-007 -1.47953e-007
-4.87217e-008 -4.87255e-008
-1.34628e-007 -1.3463e-007
-1.35728e-008 -1.35714e-008
-1.17135e-007 -1.17133e-007
-6.12435e-008 -6.12488e-008
-6.58366e-008 -6.58318e-008
-7.98396e-008 -7.98472e-008
-1.72306e-009 -1.72307e-009
-3.97516e-008 -3.97549e-008
-1.57185e-009 -1.58096e-009
-1.46785e-008 -1.46727e-008
-1.88606e-008 -1.88649e-008
-2.27221e-008 -2.27196e-008
-2.07056e-008 -2.06946e-008
-1.16189e-007 -1.16192e-007
-6.93968e-008 -6.94023e-008
-3.67274e-008 -3.67173e-008
-5.67629e-008 -5.67546e-008
-1.42885e-007 -1.4289e-007
-3.47395e-008 -3.47455e-008
-4.28274e-008 -4.2828e-008
-4.694e-008 -4.69491e-008
-4.05799e-008 -4.05898e-008
-2.1213e-007 -2.12133e-007
-3.63769e-008 -3.63798e-008
-1.47222e-006 -1.47223e-006
-9.36734e-005 -9.36734e-005
-0.000236673 -0.000236673
-0.000476756 -0.000476756
-0.00218697 -0.00218697
-1.02346e-005 -1.02346e-005
-2.17737e-009 -2.18492e-009
-8.41306e-008 -8.41283e-008
-4.07028e-009 -4.06786e-009
-5.63658e-009 -5.63105e-009
-1.42263e-008 -1.42286e-008
-4.09177e-008 -4.09095e-008
-1.22402e-008 -1.22391e-008
-2.42546e-008 -2.42473e-008
-1.55255e-007 -1.55254e-007
-9.15251e-008 -9.15179e-008
-2.61615e-008 -2.61657e-008
-1.50902e-007 -1.50902e-007
-3.9982e-008 -3.99858e-008
-6.20606e-008 -6.20659e-008
-2.33951e-008 -2.33946e-008
-1.85716e-008 -1.85629e-008
-1.00199e-008 -1.00187e-008
-5.25108e-008 -5.25091e-008
-2.31788e-008 -2.31815e-008
-7.1421e-008 -7.14273e-008
-5.21932e-008 -5.21894e-008
-1.40289e-007 -1.40297e-007
-1.44663e-008 -1.44773e-008
-1.45244e-007 -1.45235e-007
-3.80063e-008 -3.79963e-008
-3.82942e-008 -3.82983e-008
-9.46455e-009 -9.46798e-009
-9.98471e-009 -9.98313e-009
-5.88699e-009 -5.87974e-009
-4.19578e-008 -4.19575e-008
-8.80465e-009 -8.79297e-009
-5.249e-009 -5.24025e-009
-1.29095e-008 -1.29141e-008
-4.01729e-008 -4.01634e-008
-4.60435e-008 -4.60432e-008
-1.01637e-007 -1.01643e-007
-1.23808e-007 -1.23812e-007
-1.12318e-007 -1.12319e-007
-8.55573e-008 -8.55493e-008
-2.09352e-008 -2.09432e-008
-8.61281e-008 -8.61355e-008
-4.14774e-008 -4.14779e-008
-4.18102e-007 -4.18101e-007
-1.29113e-007 -1.29106e-007
-5.21915e-008 -5.21894e-008
-1.21662e-007 -1.21663e-007
-0.000152364 -0.000152364
-0.000995059 -0.000995059
-4.58339e-010 -4.61853e-010
-6.10122e-007 -6.10125e-007
-2.1966e-009 -2.18492e-009
-1.41931e-009 -1.42109e-009
-7.76281e-009 -7.76268e-009
-6.06436e-009 -6.05738e-009
-1.0969e-008 -1.09601e-008
-9.20433e-008 -9.20508e-008
-2.69511e-008 -2.69473e-008
-3.19493e-008 -3.19567e-008
-5.78299e-008 -5.78204e-008
-4.35117e-008 -4.3503e-008
-8.22099e-008 -8.22098e-008
-7.03233e-008 -7.0326e-008
-4.88144e-008 -4.88143e-008
-6.26487e-008 -6.26521e-008
-2.99736e-008 -2.99671e-008
-3.571e-008 -3.57048e-008
-4.27274e-008 -4.27214e-008
-1.10391e-007 -1.10383e-007
-6.67454e-008 -6.67377e-008
-5.5384e-008 -5.53868e-008
-4.97097e-009 -4.9738e-009
-2.28508e-009 -2.2915e-009
-1.48438e-009 -1.47438e-009
-1.14842e-008 -1.1493e-008
-8.66294e-008 -8.66329e-008
-5.6358e-008 -5.63638e-008
-5.64735e-008 -5.64704e-008
-9.35607e-008 -9.35607e-008
-5.55902e-008 -5.55822e-008
-4.57403e-008 -4.57412e-008
-2.37115e-008 -2.37144e-008
-1.11065e-007 -1.11058e-007
-1.39788e-007 -1.39782e-007
-7.21341e-008 -7.21379e-008
-3.36042e-008 -3.36087e-008
-2.02515e-008 -2.02505e-008
-2.92957e-008 -2.92921e-008
-1.47463e-007 -1.47473e-007
-7.14887e-008 -7.14806e-008
-1.138e-007 -1.13793e-007
-2.46043e-008 -2.46025e-008
-4.95081e-008 -4.95071e-008
-1.15293e-008 -1.15286e-008
-9.26621e-008 -9.26548e-008
-9.4234e-008 -9.42357e-008
-1.21299e-008 -1.21325e-008
-3.37063e-008 -3.36975e-008
-1.35982e-008 -1.35891e-008
-2.11285e-008 -2.11209e-008
-1.03001e-008 -1.03029e-008
-7.69789e-009 -7.69163e-009
-7.69205e-009 -7.69163e-009
-2.33351e-008 -2.33413e-008
-2.22759e-008 -2.22755e-008
-9.01781e-008 -9.01856e-008
-2.41034e-008 -2.41052e-008
-5.98652e-008 -5.98632e-008
-9.83649e-008 -9.83746e-008
-3.16389e-008 -3.16369e-008
-7.98643e-008 -7.9865e-008
-3.23168e-008 -3.23119e-008
-7.62755e-008 -7.62768e-008
-5.8385e-008 -5.83888e-008
-1.11318e-007 -1.11324e-007
-2.15039e-008 -2.15117e-008
-1.62358e-008 -1.62359e-008
-1.50093e-008 -1.50102e-008
-1.38924e-007 -1.38929e-007
-1.28791e-008 -1.28786e-008
-3.42658e-006 -3.42657e-006
-1.04469e-007 -1.04468e-007
-1.92082e-008 -1.92024e-008
-5.29609e-008 -5.29532e-008
-7.49278e-008 -7.49267e-008
-1.473e-008 -1.4726e-008
-2.47287e-008 -2.47269e-008
-1.29925e-007 -1.29923e-007
-8.1929e-008 -8.19256e-008
-1.29517e-007 -1.29514e-007
-8.63333e-008 -8.63309e-008
-7.64408e-008 -7.64366e-008
-2.67778e-008 -2.67697e-008
-4.80911e-008 -4.8086e-008
-1.57903e-007 -1.579e-007
-9.0407e-008 -9.04166e-008
-3.04175e-008 -3.0429e-008
-4.32723e-008 -4.32721e-008
-2.9565e-008 -2.95763e-008
-3.05123e-008 -3.05178e-008
-1.54524e-008 -1.54543e-008
-3.51179e-008 -3.51186e-008
-1.15362e-007 -1.15357e-007
-6.61566e-009 -6.62581e-009
-2.35618e-006 -2.3562e-006
-5.79659e-008 -5.79625e-008
-4.5247e-008 -4.52438e-008
-4.01338e-008 -4.01279e-008
-7.51829e-008 -7.51754e-008
-1.00765e-007 -1.00755e-007
-2.22423e-008 -2.224e-008
-6.62935e-008 -6.62936e-008
-2.99381e-008 -2.99316e-008
-3.38071e-008 -3.38041e-008
-7.24069e-008 -7.24043e-008
-6.89306e-008 -6.89404e-008
-5.86545e-008 -5.86553e-008
-7.51793e-008 -7.51754e-008
-8.29366e-008 -8.29381e-008
-8.59107e-008 -8.59046e-008
-4.92172e-008 -4.92228e-008
-2.70411e-008 -2.70362e-008
-7.42173e-008 -7.42162e-008
-4.59145e-008 -4.59188e-008
-6.32404e-008 -6.32383e-008
-2.77137e-007 -2.77147e-007
-4.26148e-008 -4.26148e-008
-8.01178e-007 -8.01172e-007
-7.71174e-005 -7.71174e-005
-1.11574e-008 -1.11555e-008
-4.14467e-008 -4.14424e-008
-1.68964e-007 -1.68967e-007
-3.33538e-008 -3.336e-008
-1.40169e-008 -1.40155e-008
-6.83126e-008 -6.83187e-008
-2.81985e-008 -2.81908e-008
-3.23298e-008 -3.23297e-008
-4.25607e-008 -4.25615e-008
-6.89657e-008 -6.89582e-008
-5.69122e-008 -5.69145e-008
-3.01043e-008 -3.01092e-008
-4.94252e-008 -4.94182e-008
-3.4758e-008 -3.47633e-008
-5.51213e-008 -5.51204e-008
-2.87148e-008 -2.87237e-008
-9.98422e-008 -9.9849e-008
-6.26419e-008 -6.26343e-008
-5.11478e-008 -5.11413e-008
-8.72173e-008 -8.72191e-008
-3.39588e-008 -3.39639e-008
-6.70171e-008 -6.70219e-008
-2.45751e-009 -2.46914e-009
-2.11427e-008 -2.11386e-008
-1.456e-008 -1.45484e-008
-4.32485e-008 -4.32543e-008
-5.01778e-008 -5.01821e-008
-3.93919e-008 -3.93818e-008
-4.41033e-008 -4.41069e-008
-1.01475e-007 -1.01466e-007
-3.57151e-008 -3.57225e-008
-8.76827e-008 -8.7681e-008
-1.33388e-007 -1.33387e-007
-4.65263e-008 -4.65228e-008
-1.22451e-007 -1.22444e-007
-6.85206e-008 -6.85141e-008
-3.75139e-008 -3.75167e-008
-4.73844e-008 -4.73754e-008
-1.12684e-007 -1.12692e-007
-4.73893e-008 -4.73932e-008
-1.22874e-007 -1.22871e-007
-3.72585e-008 -3.72502e-008
-4.49569e-008 -4.49596e-008
-4.98975e-008 -4.98979e-008
-3.69432e-008 -3.69482e-008
-7.02048e-008 -7.02016e-008
-8.14792e-008 -8.14815e-008
-2.51004e-006 -2.51005e-006
-2.86435e-008 -2.86526e-008
-1.86136e-007 -1.86127e-007
-4.04769e-008 -4.04832e-008
-1.18461e-007 -1.18465e-007
-4.8629e-008 -4.86189e-008
-3.56923e-008 -3.5687e-008
-3.14146e-008 -3.14238e-008
-3.53524e-008 -3.53495e-008
-5.14342e-008 -5.14255e-008
-9.93303e-008 -9.93339e-008
-9.9058e-008 -9.90497e-008
-7.98319e-008 -7.98295e-008
-1.87734e-007 -1.87725e-007
-4.0131e-008 -4.01279e-008
-4.52112e-008 -4.52083e-008
-2.59664e-008 -2.59703e-008
-6.51271e-008 -6.51212e-008
-8.7697e-008 -8.76987e-008
-2.03622e-008 -2.0357e-008
-5.44695e-008 -5.44631e-008
-3.78292e-008 -3.78186e-008
-5.54402e-008 -5.54401e-008
-1.27406e-007 -1.274e-007
-8.76225e-008 -8.76277e-008
-1.14613e-007 -1.14611e-007
-5.15328e-008 -5.15321e-008
-6.68854e-008 -6.68798e-008
-4.74011e-008 -4.7411e-008
-5.15329e-008 -5.15321e-008
-3.04448e-008 -3.04468e-008
-1.81055e-008 -1.81011e-008
-2.74908e-008 -2.74802e-008
-2.12439e-008 -2.12452e-008
-3.755e-008 -3.75522e-008
-5.13552e-008 -5.13545e-008
-4.73067e-008 -4.73044e-008
-5.49627e-008 -5.49605e-008
-3.88745e-008 -3.88845e-008
-6.03932e-008 -6.03961e-008
-2.5933e-008 -2.59348e-008
-7.10754e-008 -7.1072e-008
-3.59926e-008 -3.5989e-008
-8.09243e-008 -8.09308e-008
-6.31536e-008 -6.31495e-008
-9.61012e-008 -9.61009e-008
-4.3194e-006 -4.31941e-006
-0.000164185 -0.000164185
-0.000633173 -0.000633173
-6.67656e-009 -6.6791e-009
-4.60657e-007 -4.60663e-007
-1.27783e-008 -1.2772e-008
-5.0812e-008 -5.08216e-008
-6.07117e-008 -6.07159e-008
-3.28689e-008 -3.28626e-008
-1.40345e-008 -1.40332e-008
-3.77075e-008 -3.77121e-008
-9.57839e-008 -9.57812e-008
-1.26274e-007 -1.26263e-007
-2.12125e-008 -2.12097e-008
-6.6185e-008 -6.61871e-008
-1.74392e-007 -1.74403e-007
-1.67762e-008 -1.67866e-008
-1.07129e-008 -1.07114e-008
-7.63542e-008 -7.63478e-008
-1.05541e-007 -1.05533e-007
-7.75074e-008 -7.75024e-008
-1.054e-007 -1.05409e-007
-2.29914e-007 -2.29914e-007
-1.10447e-006 -1.10447e-006
-2.25659e-006 -2.25658e-006
-1.16648e-005 -1.16648e-005
-8.85933e-008 -8.85869e-008
-1.2902e-009 -1.29674e-009
-3.04624e-007 -3.0461e-007
-1.97077e-009 -1.97176e-009
-3.94642e-009 -3.94351e-009
-5.89674e-008 -5.8975e-008
-9.03865e-008 -9.0381e-008
-1.9889e-008 -1.98952e-008
-4.46057e-008 -4.46043e-008
-6.1898e-008 -6.1906e-008
-5.95466e-008 -5.95435e-008
-3.13079e-008 -3.13172e-008
-7.10045e-008 -7.1001e-008
-1.71706e-008 -1.71774e-008
-3.9208e-008 -3.92042e-008
-3.1378e-008 -3.13882e-008
-6.2872e-008 -6.28653e-008
-4.24207e-008 -4.24194e-008
-7.79924e-008 -7.79998e-008
-3.73625e-008 -3.73568e-008
-1.72907e-008 -1.7284e-008
-4.75459e-008 -4.75531e-008
-1.13509e-007 -1.13509e-007
-2.26689e-008 -2.26663e-008
-1.41309e-007 -1.41309e-007
-3.67223e-011 -3.55271e-011
-2.68077e-008 -2.68052e-008
-3.59919e-009 -3.606e-009
-7.47178e-008 -7.47136e-008
-8.59004e-008 -8.59046e-008
-1.16609e-007 -1.166e-007
-1.69131e-007 -1.69127e-007
-5.19443e-008 -5.19407e-008
-3.66776e-008 -3.66818e-008
-2.13925e-007 -2.13927e-007
-6.78194e-008 -6.78213e-008
-7.1755e-008 -7.17471e-008
-1.12386e-007 -1.1239e-007
-7.8255e-008 -7.82485e-008
-3.13827e-008 -3.13882e-008
-5.17393e-008 -5.17453e-008
-5.05604e-008 -5.05551e-008
-2.65582e-008 -2.65565e-008
-6.10017e-008 -6.10001e-008
-1.38012e-007 -1.38023e-007
-7.63179e-008 -7.63123e-008
-3.4969e-008 -3.49765e-008
-2.32445e-008 -2.32525e-008
-9.44801e-007 -9.44809e-007
-3.16965e-008 -3.16902e-008
-6.75568e-008 -6.75549e-008
-7.24767e-008 -7.24754e-008
-5.14342e-008 -5.14255e-008
-6.97959e-008 -6.97931e-008
-5.74857e-008 -5.74829e-008
-1.38574e-008 -1.38556e-008
-6.12238e-008 -6.1231e-008
-7.76978e-008 -7.76978e-008
-3.47866e-008 -3.47811e-008
-7.01664e-008 -7.01661e-008
-3.66128e-008 -3.66107e-008
-5.06686e-008 -5.06617e-008
-4.86781e-008 -4.86722e-008
-9.85836e-008 -9.85878e-008
-7.37393e-008 -7.37366e-008
-1.56591e-008 -1.56497e-008
-1.20291e-007 -1.20295e-007
-2.16058e-008 -2.16005e-008
-3.36463e-008 -3.36442e-008
-4.78664e-008 -4.78728e-008
-1.7005e-007 -1.70051e-007
-1.07592e-007 -1.07594e-007
-9.63897e-006 -9.63897e-006
-6.01507e-008 -6.01474e-008
-6.74393e-008 -6.74483e-008
-5.12918e-008 -5.12834e-008
-9.50524e-008 -9.50529e-008
-4.67562e-008 -4.67537e-008
-6.45473e-008 -6.45528e-008
-3.06671e-008 -3.06777e-008
-6.07634e-008 -6.07692e-008
-4.62325e-008 -4.62386e-008
-3.59125e-008 -3.59179e-008
-4.76401e-008 -4.76419e-008
-9.93305e-008 -9.93339e-008
-8.58621e-008 -8.58691e-008
-1.64663e-008 -1.64668e-008
-4.37245e-008 -4.37161e-008
-1.41929e-008 -1.41931e-008
-9.13904e-008 -9.13936e-008
-8.87165e-008 -8.87113e-008
-5.58124e-008 -5.58131e-008
-2.80675e-008 -2.80664e-008
-7.17005e-008 -7.16938e-008
-7.68013e-008 -7.68097e-008
-9.31219e-008 -9.31166e-008
-1.15509e-007 -1.15499e-007
-7.76322e-008 -7.76268e-008
-3.4919e-008 -3.49232e-008
-4.74158e-008 -4.7411e-008
-2.93899e-008 -2.93987e-008
-5.33448e-008 -5.3344e-008
-5.72079e-008 -5.72165e-008
-1.45176e-007 -1.45182e-007
-8.25e-008 -8.2494e-008
-7.82187e-008 -7.8213e-008
-1.18024e-008 -1.18128e-008
-4.12759e-008 -4.12825e-008
-6.06911e-008 -6.06981e-008
-5.0167e-008 -5.01643e-008
-8.4743e-008 -8.475e-008
-3.94471e-008 -3.94529e-008
-8.37488e-008 -8.37552e-008
-4.17878e-008 -4.17977e-008
-5.58033e-008 -5.57954e-008
-6.22458e-008 -6.22435e-008
-1.76413e-008 -1.76392e-008
-5.18216e-008 -5.18163e-008
-1.56543e-007 -1.56533e-007
-2.70724e-008 -2.70717e-008
-5.79099e-008 -5.79092e-008
-1.18045e-007 -1.18039e-007
-4.70167e-008 -4.70202e-008
-6.3383e-008 -6.33804e-008
-3.70966e-008 -3.71081e-008
-6.83832e-008 -6.83897e-008
-1.15076e-007 -1.15072e-007
-5.3093e-008 -5.30953e-008
-2.73413e-008 -2.73381e-008
-1.63683e-008 -1.63602e-008
-6.16486e-008 -6.16396e-008
-5.99914e-008 -5.99876e-008
-5.39714e-008 -5.39657e-008
-4.42325e-008 -4.42313e-008
-7.51146e-008 -7.51221e-008
-2.3534e-008 -2.35367e-008
-4.8078e-008 -4.8086e-008
-6.51287e-008 -6.51212e-008
-1.22921e-007 -1.22924e-007
-1.49475e-007 -1.49463e-007
-3.95439e-008 -3.95417e-008
-1.95548e-007 -1.95541e-007
-1.87369e-007 -1.8737e-007
-4.50787e-008 -4.50839e-008
-1.29921e-007 -1.29923e-007
-2.2288e-008 -2.22933e-008
-5.62814e-008 -5.6275e-008
-9.62136e-008 -9.62075e-008
-2.01018e-007 -2.01013e-007
-1.48869e-007 -1.48859e-007
-5.7192e-008 -5.71987e-008
-9.7489e-008 -9.74865e-008
-5.80803e-008 -5.80869e-008
-6.67189e-008 -6.672e-008
-1.40402e-008 -1.4051e-008
-2.9927e-008 -2.99316e-008
-4.82101e-008 -4.82103e-008
-2.60426e-008 -2.60414e-008
-1.96691e-008 -1.96643e-008
-6.72927e-008 -6.72884e-008
-2.61286e-007 -2.61302e-007
-3.82681e-008 -3.82627e-008
-7.44691e-008 -7.44649e-008
-4.60471e-008 -4.60432e-008
-3.51249e-008 -3.51186e-008
-2.5356e-008 -2.53486e-008
-5.84782e-008 -5.84777e-008
-3.49127e-008 -3.49054e-008
-6.91351e-008 -6.91358e-008
-1.05063e-007 -1.05054e-007
-8.6098e-008 -8.61e-008
-4.75519e-008 -4.75531e-008
-8.26931e-008 -8.26894e-008
-3.75187e-008 -3.75167e-008
-4.79752e-008 -4.79794e-008
-1.6516e-008 -1.65201e-008
-5.05912e-008 -5.05906e-008
-3.71709e-008 -3.71791e-008
-7.32631e-008 -7.3257e-008
-1.86337e-007 -1.8634e-007
-3.43056e-008 -3.43015e-008
-7.12112e-008 -7.12141e-008
-1.33812e-007 -1.33813e-007
-4.39267e-008 -4.39293e-008
-6.75034e-008 -6.75016e-008
-2.97385e-008 -2.97362e-008
-4.66418e-008 -4.66471e-008
-1.67462e-007 -1.67475e-007
-1.78358e-007 -1.78346e-007
-4.03199e-008 -4.03233e-008
-3.49258e-008 -3.49232e-008
-2.30457e-007 -2.30465e-007
-1.36759e-006 -1.3676e-006
-1.58014e-007 -1.58025e-007
-2.38923e-008 -2.3892e-008
-2.80429e-008 -2.80487e-008
-7.69656e-008 -7.69695e-008
-2.22455e-008 -2.224e-008
-2.65651e-008 -2.65565e-008
-3.95183e-008 -3.95239e-008
-1.6532e-007 -1.65308e-007
-4.35274e-008 -4.35207e-008
-3.35912e-008 -3.35909e-008
-8.84703e-008 -8.84626e-008
-1.0621e-007 -1.06208e-007
