current data point = 80000
0.0322394 0.0322394
0.0225789 0.0225789
0.0117853 0.0117853
0.000253767 0.000253767
-0.0141102 -0.0141102
0.0128248 0.0128248
-0.00536548 -0.00536548
0.0578519 0.0578519
-0.0145872 -0.0145872
-0.0122289 -0.0122289
-0.00556433 -0.00556433
-0.00389698 -0.00389698
-0.00203407 -0.00203407
-4.37987e-005 -4.37987e-005
0.00243533 0.00243533
-0.00221349 -0.00221349
0.00092605 0.00092605
-0.00998489 -0.00998489
0.00251766 0.00251766
0.00211064 0.00211064
-0.0319006 -0.0319006
-0.0223416 -0.0223416
-0.0116614 -0.0116614
-0.0002511 -0.0002511
0.0139619 0.0139619
-0.01269 -0.01269
0.00530909 0.00530909
-0.0572439 -0.0572439
0.0144339 0.0144339
0.0121004 0.0121004
-0.00637039 -0.00637039
-0.00446151 -0.00446151
-0.00232873 -0.00232873
-5.01434e-005 -5.01434e-005
0.00278812 0.00278812
-0.00253413 -0.00253413
0.0010602 0.0010602
-0.0114313 -0.0114313
0.00288237 0.00288237
0.00241639 0.00241639
0.0176538 0.0176538
0.0123638 0.0123638
0.00645344 0.00645344
0.000138959 0.000138959
-0.0077265 -0.0077265
0.00702265 0.00702265
-0.00293805 -0.00293805
0.0316787 0.0316787
-0.0079877 -0.0079877
-0.00669635 -0.00669635
-0.0157602 -0.0157602
-0.0110377 -0.0110377
-0.00576123 -0.00576123
-0.000124054 -0.000124054
0.00689775 0.00689775
-0.0062694 -0.0062694
0.00262291 0.00262291
-0.0282808 -0.0282808
0.00713093 0.00713093
0.00597809 0.00597809
-0.139713 -0.139713
-0.097848 -0.097848
-0.0510728 -0.0510728
-0.00109973 -0.00109973
0.061148 0.061148
-0.0555777 -0.0555777
0.0232519 0.0232519
-0.250707 -0.250707
0.0632151 0.0632151
0.0529953 0.0529953
0.0541144 0.0541144
0.037899 0.037899
0.0197818 0.0197818
0.000425952 0.000425952
-0.0236842 -0.0236842
0.0215266 0.0215266
-0.00900603 -0.00900603
0.0971052 0.0971052
-0.0244848 -0.0244848
-0.0205264 -0.0205264
0.0562532 0.0562532
0.039397 0.039397
0.0205637 0.0205637
0.000442788 0.000442788
-0.0246203 -0.0246203
0.0223775 0.0223775
-0.009362 -0.009362
0.100943 0.100943
-0.0254526 -0.0254526
-0.0213377 -0.0213377
-0.148764 -0.148764
-0.104187 -0.104187
-0.0543813 -0.0543813
-0.00117097 -0.00117097
0.0651091 0.0651091
-0.059178 -0.059178
0.0247581 0.0247581
-0.266948 -0.266948
0.0673101 0.0673101
0.0564283 0.0564283
0.0209795 0.0209795
-0.0263352 -0.0263352
0.0488017 0.0488017
-0.0443719 -0.0443719
0.0180545 0.0180545
0.0129126 0.0129126
0.0311838 0.0311838
0.00168057 0.00168057
0.0497225 0.0497225
-0.0589274 -0.0589274
-0.00362094 -0.00362094
0.00454529 0.00454529
-0.00842289 -0.00842289
0.00765832 0.00765832
-0.0031161 -0.0031161
-0.00222863 -0.00222863
-0.00538215 -0.00538215
-0.000290057 -0.000290057
-0.0085818 -0.0085818
0.0101705 0.0101705
-0.0207591 -0.0207591
0.0260584 0.0260584
-0.0482888 -0.0482888
0.0439055 0.0439055
-0.0178648 -0.0178648
-0.0127769 -0.0127769
-0.0308561 -0.0308561
-0.00166291 -0.00166291
-0.0491999 -0.0491999
0.0583081 0.0583081
-0.00414548 -0.00414548
0.00520373 0.00520373
-0.00964304 -0.00964304
0.00876771 0.00876771
-0.00356751 -0.00356751
-0.00255148 -0.00255148
-0.00616181 -0.00616181
-0.000332075 -0.000332075
-0.00982498 -0.00982498
0.0116438 0.0116438
0.011488 0.011488
-0.0144207 -0.0144207
0.026723 0.026723
-0.0242973 -0.0242973
0.00988636 0.00988636
0.00707071 0.00707071
0.0170758 0.0170758
0.000920254 0.000920254
0.0272272 0.0272272
-0.0322677 -0.0322677
-0.0102558 -0.0102558
0.0128739 0.0128739
-0.0238567 -0.0238567
0.0216911 0.0216911
-0.00882594 -0.00882594
-0.0063123 -0.0063123
-0.0152442 -0.0152442
-0.000821547 -0.000821547
-0.0243068 -0.0243068
0.0288066 0.0288066
-0.090917 -0.090917
0.114126 0.114126
-0.211487 -0.211487
0.19229 0.19229
-0.0782411 -0.0782411
-0.055958 -0.055958
-0.135138 -0.135138
-0.00728294 -0.00728294
-0.215478 -0.215478
0.255368 0.255368
0.0352145 0.0352145
-0.0442039 -0.0442039
0.0819144 0.0819144
-0.0744788 -0.0744788
0.0303048 0.0303048
0.021674 0.021674
0.0523425 0.0523425
0.00282087 0.00282087
0.0834599 0.0834599
-0.0989105 -0.0989105
0.0366063 0.0366063
-0.0459511 -0.0459511
0.0851521 0.0851521
-0.0774226 -0.0774226
0.0315026 0.0315026
0.0225306 0.0225306
0.0544114 0.0544114
0.00293236 0.00293236
0.0867587 0.0867587
-0.10282 -0.10282
-0.0968066 -0.0968066
0.121519 0.121519
-0.225188 -0.225188
0.204747 0.204747
-0.0833096 -0.0833096
-0.059583 -0.059583
-0.143893 -0.143893
-0.00775473 -0.00775473
-0.229436 -0.229436
0.271911 0.271911
0.0128158 0.0128158
0.0453961 0.0453961
-0.00188814 -0.00188814
0.054086 0.054086
0.0170396 0.0170396
0.0386987 0.0386987
-0.0153485 -0.0153485
-0.00505994 -0.00505994
0.00917314 0.00917314
-0.016696 -0.016696
-0.00221192 -0.00221192
-0.0078351 -0.0078351
0.000325881 0.000325881
-0.00933492 -0.00933492
-0.00294093 -0.00294093
-0.00667917 -0.00667917
0.00264906 0.00264906
0.000873316 0.000873316
-0.00158323 -0.00158323
0.00288164 0.00288164
-0.0126811 -0.0126811
-0.044919 -0.044919
0.00186829 0.00186829
-0.0535176 -0.0535176
-0.0168605 -0.0168605
-0.038292 -0.038292
0.0151872 0.0151872
0.00500677 0.00500677
-0.00907673 -0.00907673
0.0165206 0.0165206
-0.00253235 -0.00253235
-0.0089701 -0.0089701
0.000373089 0.000373089
-0.0106872 -0.0106872
-0.00336696 -0.00336696
-0.00764672 -0.00764672
0.00303281 0.00303281
0.000999826 0.000999826
-0.00181258 -0.00181258
0.00329907 0.00329907
0.0070177 0.0070177
0.0248582 0.0248582
-0.00103391 -0.00103391
0.0296166 0.0296166
0.0093306 0.0093306
0.0211908 0.0211908
-0.00840459 -0.00840459
-0.00277074 -0.00277074
0.00502306 0.00502306
-0.00914247 -0.00914247
-0.00626497 -0.00626497
-0.0221919 -0.0221919
0.000923014 0.000923014
-0.0264399 -0.0264399
-0.00832979 -0.00832979
-0.0189178 -0.0189178
0.00750311 0.00750311
0.00247355 0.00247355
-0.00448428 -0.00448428
0.00816184 0.00816184
-0.0555384 -0.0555384
-0.196729 -0.196729
0.00818244 0.00818244
-0.234387 -0.234387
-0.0738428 -0.0738428
-0.167705 -0.167705
0.0665144 0.0665144
0.0219278 0.0219278
-0.0397527 -0.0397527
0.072354 0.072354
0.0215114 0.0215114
0.0761981 0.0761981
-0.00316927 -0.00316927
0.0907841 0.0907841
0.0286012 0.0286012
0.0649564 0.0649564
-0.0257627 -0.0257627
-0.00849319 -0.00849319
0.0153972 0.0153972
-0.0280245 -0.0280245
0.0223617 0.0223617
0.0792098 0.0792098
-0.00329453 -0.00329453
0.0943724 0.0943724
0.0297317 0.0297317
0.0675238 0.0675238
-0.026781 -0.026781
-0.00882888 -0.00882888
0.0160058 0.0160058
-0.0291322 -0.0291322
-0.0591362 -0.0591362
-0.209473 -0.209473
0.0087125 0.0087125
-0.249571 -0.249571
-0.0786264 -0.0786264
-0.178569 -0.178569
0.0708232 0.0708232
0.0233483 0.0233483
-0.0423279 -0.0423279
0.0770411 0.0770411
-0.0643532 -0.0643532
0.0348902 0.0348902
-0.0244937 -0.0244937
0.00458574 0.00458574
0.0325964 0.0325964
-0.0330736 -0.0330736
-0.0136949 -0.0136949
-0.0389412 -0.0389412
0.00694403 0.00694403
-0.00172349 -0.00172349
0.011107 0.011107
-0.00602185 -0.00602185
0.00422746 0.00422746
-0.000791471 -0.000791471
-0.00562594 -0.00562594
0.0057083 0.0057083
0.00236366 0.00236366
0.00672103 0.00672103
-0.0011985 -0.0011985
0.000297465 0.000297465
0.0636769 0.0636769
-0.0345236 -0.0345236
0.0242362 0.0242362
-0.00453755 -0.00453755
-0.0322538 -0.0322538
0.032726 0.032726
0.013551 0.013551
0.038532 0.038532
-0.00687105 -0.00687105
0.00170538 0.00170538
0.012716 0.012716
-0.00689418 -0.00689418
0.00483985 0.00483985
-0.000906125 -0.000906125
-0.00644092 -0.00644092
0.00653521 0.00653521
0.00270606 0.00270606
0.00769464 0.00769464
-0.00137211 -0.00137211
0.000340556 0.000340556
-0.0352387 -0.0352387
0.0191053 0.0191053
-0.0134123 -0.0134123
0.00251107 0.00251107
0.0178492 0.0178492
-0.0181105 -0.0181105
-0.0074991 -0.0074991
-0.0213236 -0.0213236
0.00380243 0.00380243
-0.000943756 -0.000943756
0.031459 0.031459
-0.0170561 -0.0170561
0.0119737 0.0119737
-0.00224173 -0.00224173
-0.0159347 -0.0159347
0.016168 0.016168
0.00669474 0.00669474
0.0190364 0.0190364
-0.00339458 -0.00339458
0.000842528 0.000842528
0.278881 0.278881
-0.1512 -0.1512
0.106146 0.106146
-0.0198728 -0.0198728
-0.14126 -0.14126
0.143328 0.143328
0.0593483 0.0593483
0.168756 0.168756
-0.0300927 -0.0300927
0.00746894 0.00746894
-0.108018 -0.108018
0.0585638 0.0585638
-0.041113 -0.041113
0.00769723 0.00769723
0.0547135 0.0547135
-0.0555144 -0.0555144
-0.0229871 -0.0229871
-0.0653634 -0.0653634
0.0116557 0.0116557
-0.00289291 -0.00289291
-0.112287 -0.112287
0.0608785 0.0608785
-0.0427379 -0.0427379
0.00800147 0.00800147
0.056876 0.056876
-0.0577087 -0.0577087
-0.0238957 -0.0238957
-0.0679469 -0.0679469
0.0121163 0.0121163
-0.00300725 -0.00300725
0.296947 0.296947
-0.160995 -0.160995
0.113022 0.113022
-0.0211601 -0.0211601
-0.15041 -0.15041
0.152612 0.152612
0.0631929 0.0631929
0.179688 0.179688
-0.0320421 -0.0320421
0.00795278 0.00795278
0.0209795 0.0209795
-0.0263352 -0.0263352
0.0488017 0.0488017
-0.0443719 -0.0443719
0.0180545 0.0180545
0.0129126 0.0129126
0.0311838 0.0311838
0.00168057 0.00168057
0.0497225 0.0497225
-0.0589274 -0.0589274
-0.00362094 -0.00362094
0.00454529 0.00454529
-0.00842289 -0.00842289
0.00765832 0.00765832
-0.0031161 -0.0031161
-0.00222863 -0.00222863
-0.00538215 -0.00538215
-0.000290057 -0.000290057
-0.0085818 -0.0085818
0.0101705 0.0101705
-0.0207591 -0.0207591
0.0260584 0.0260584
-0.0482888 -0.0482888
0.0439055 0.0439055
-0.0178648 -0.0178648
-0.0127769 -0.0127769
-0.0308561 -0.0308561
-0.00166291 -0.00166291
-0.0491999 -0.0491999
0.0583081 0.0583081
-0.00414548 -0.00414548
0.00520373 0.00520373
-0.00964304 -0.00964304
0.00876771 0.00876771
-0.00356751 -0.00356751
-0.00255148 -0.00255148
-0.00616181 -0.00616181
-0.000332075 -0.000332075
-0.00982498 -0.00982498
0.0116438 0.0116438
0.011488 0.011488
-0.0144207 -0.0144207
0.026723 0.026723
-0.0242973 -0.0242973
0.00988636 0.00988636
0.00707071 0.00707071
0.0170758 0.0170758
0.000920254 0.000920254
0.0272272 0.0272272
-0.0322677 -0.0322677
-0.0102558 -0.0102558
0.0128739 0.0128739
-0.0238567 -0.0238567
0.0216911 0.0216911
-0.00882594 -0.00882594
-0.0063123 -0.0063123
-0.0152442 -0.0152442
-0.000821547 -0.000821547
-0.0243068 -0.0243068
0.0288066 0.0288066
-0.090917 -0.090917
0.114126 0.114126
-0.211487 -0.211487
0.19229 0.19229
-0.0782411 -0.0782411
-0.055958 -0.055958
-0.135138 -0.135138
-0.00728294 -0.00728294
-0.215478 -0.215478
0.255368 0.255368
0.0352145 0.0352145
-0.0442039 -0.0442039
0.0819144 0.0819144
-0.0744788 -0.0744788
0.0303048 0.0303048
0.021674 0.021674
0.0523425 0.0523425
0.00282087 0.00282087
0.0834599 0.0834599
-0.0989105 -0.0989105
0.0366063 0.0366063
-0.0459511 -0.0459511
0.0851521 0.0851521
-0.0774226 -0.0774226
0.0315026 0.0315026
0.0225306 0.0225306
0.0544114 0.0544114
0.00293236 0.00293236
0.0867587 0.0867587
-0.10282 -0.10282
-0.0968066 -0.0968066
0.121519 0.121519
-0.225188 -0.225188
0.204747 0.204747
-0.0833096 -0.0833096
-0.059583 -0.059583
-0.143893 -0.143893
-0.00775473 -0.00775473
-0.229436 -0.229436
0.271911 0.271911
