1081.37
1080.16
1080.12
1081.07
1080.75
1080.17
1081.78
1081.43
1081.6
1080.98
1081.94
1081.21
1081.98
1081.74
1081.84
1083.12
1082.18
1083.22
1083
1080.81
1081.16
1082.69
1082.05
1082.97
1081.7
1082.95
1082.28
1082.41
1080.86
1080.82
1083.31
1081.42
1081.27
1081.36
1080.93
1081.23
1081.6
1081.37
1082.84
1082.97
1082.78
1080.54
1081.89
1082.38
1082.25
1083.51
1082.87
1082.66
1081.59
1081.75
1081.26
1081.96
1080.76
1082.1
1082.2
1082.19
1081.02
1081
1081.14
1079
1079.62
1082.53
1082.82
1080.84
1080.3
1083.14
1081.73
1081.98
1080.31
1081.41
1080.54
1081.68
1080.69
1080.16
1080.29
1081.44
1080.7
1079.64
1080.03
1079.36
1080.14
1080.73
1079.24
1080.31
1082.63
1082.8
1082.93
1081.24
1082.24
1082.99
1080.74
1081
1080.84
1080.74
1081
1081.31
1079.23
1080.17
1079.63
1080.32
1081.36
1083.21
1081.9
1081.84
1080.64
1082.02
1088.26
1086
1083.46
1082.92
1082.87
1083.7
1083.88
1082.54
1082.86
1092.65
1087.06
1090.43
1083.65
1081.59
1082.71
1080.67
1083.3
1082.01
1082.21
1083.3
1082.4
1082.44
1083.25
1081.56
1081.78
1082.31
1081.08
1081.75
1081.04
1083.02
1082.83
1084.38
1081.27
1081.24
1081.92
1081.17
1082.46
1081.83
1082.85
1083.83
1082.66
1083.13
1087.03
1085.62
1084.94
1090.1
1086.75
1086.33
1083.25
1081.68
1081.52
1081.82
1082.13
1083.25
1082.21
1081.89
1081.43
1083.43
1083.9
1083.07
1084.67
1084.11
1085.65
1085.71
1083.46
1084.42
1084.89
1084.92
1083.71
1083.68
1081.81
1083.02
1082.05
1083.32
1082.56
1082.48
1081.46
1083.13
1083.51
1082.64
1083.73
1083.43
1084.38
1084.14
1083.13
1084.51
1082.11
1083.26
1082.47
1082.1
1083.13
1081.78
1082.9
1082.68
1087.54
1086.41
1086.66
1087.22
1088.59
1086.09
1087.36
1085.8
1087.89
1086.91
1085.8
1087.03
1088.28
1086.01
1087.93
1087.14
1087.17
1087.96
1086.9
1085.83
1087.16
1088.07
1087.98
1086.97
1087.6
1087.99
1087.19
1086.3
1088.56
1087.92
1088.91
1087.23
1085.98
1089.14
1086.85
1085.32
1086.99
1086.95
1085.54
1086.66
1087.61
1088.16
1088.5
1086.59
1085.97
1086.05
1087.09
1087.49
1086.15
1086.2
1087.05
1086.48
1086.49
1087.02
1086.95
1086.6
1087.67
1086.09
1088.23
1088.38
1088.69
1087.53
1086.31
1087
1086.16
1087.01
1086.68
1088.4
1087.44
1087.38
1087.53
1087.58
1087.73
1087.17
1087.06
1087.04
1087.26
1087.63
1088
1088.6
1087.25
1087.11
1089.02
1086.37
1087.04
1086.74
1088.45
1087.43
1088.32
1087.32
1090.16
1096.07
1092.65
1086.4
1086.27
1086.42
1087.85
1088.68
1088.2
1088.35
1098.99
1102.33
1113.83
1152.05
1097.66
1186.9
1101.35
1170.07
1099.77
1245.23
1203.75
1269.24
1151.51
1301.51
1097.96
1102.1
1097.82
1098.93
1102.05
1099.3
1103.8
1109.86
1099.43
1101.99
1093.96
1099.5
1094.94
1095.51
1094.39
1104.28
1121.82
1156.95
1162.57
1125.33
1149.92
1173.57
1268.17
1278.13
1161.06
1095.48
1093.52
1095.5
1106.93
1123.19
1095.53
1123.19
1099.23
1107.2
1096.96
1097.31
1093.85
1099.02
1103.17
1107.51
1106.65
1102.75
1174.61
1129.48
1123.51
1135.85
1099.49
1105.49
1102.42
1100.91
1093.53
1094.1
1095.74
1092.95
1141.15
1128.19
1175.26
1140.68
1108.71
1152.28
1140.3
1150.34
1098.94
1159.61
1096.61
1187.62
1131.49
1098.29
1104.73
1102.15
1102.92
1098.73
1100.06
1102.56
1096.6
1097.43
1098.57
1102.32
1098.34
1103.57
1101.83
1096.95
1102.08
1102.12
1096.4
1100.92
1239.03
1442.21
1303.97
1271.86
2204.84
52645.3
1476.72
16484.9
36989
4776.89
2223.37
1120.77
2304.41
49896.4
1140.7
15830.6
1572.13
4422.74
1138.17
1113.56
1102.02
1116.48
1110.79
1137.67
1107.3
1370.05
1125.39
1129.09
1116.85
1571.83
1433.18
1111.92
1427.82
1221.18
42351.3
1202.96
9404.56
3159.29
17453.9
1130.74
1333.25
38976.9
1502.37
8491.45
1523.95
3945.14
1314.76
1137.4
1285.91
1151.24
1190.96
1475.72
1188.69
1104.92
1104.14
1107.55
1279.87
1109.7
1222.24
21566.1
1147.53
10231.8
1110.72
2707.22
1213.69
6127.23
169363
977971
137365
7213.85
1152.33
2464.03
1588.54
1144.02
1104.23
1243.16
2989.74
11818.7
1461.87
10339.8
1438.85
1286.06
1104.57
6337.3
2040.3
2325.63
3722.74
1154.53
1572.13
1153.65
1466.15
1346.92
39718
6240.47
1389.62
4744.76
21616.7
1176.68
9451.88
1255.76
1560.65
1494.38
2574.01
118566
25413.3
1964.31
1296.95
1191.57
1404.63
1118.54
3708.5
1262.99
1195.29
1141.04
1162.04
1183.16
293669
1155.12
62359.9
1592.63
1312.8
1951.35
1108.23
1111.02
1108.82
1116.75
1238.16
1109.35
1150.84
1124.52
1117.85
1142.53
1194.02
1276.34
4883.22
1243.99
24990.6
5554.41
3506.07
2326.77
5924.14
2095.64
4188.75
1129.13
2384.62
3500.89
1415.47
1129.57
1115.51
18518.9
1688.95
1119.19
27157.1
2974.34
2282.09
42307.6
3201.94
1135.5
1182.69
1142.7
1203.19
1306.15
1112.12
1240.93
1373.68
1122.95
1170.43
3306.7
1490.02
1157.66
80849.7
1148.71
6498.58
1133.64
1140.19
1116.28
1123.63
1114.15
1130.67
5750.45
1449.99
1117.38
1134.09
1136.17
1163.53
1250.76
1136.58
1158.6
1298.54
1118.33
1334.99
1110.43
1109.52
1117.27
10230.2
1222.36
1835.5
4044.47
8788.06
1147.98
8.50675e+007
7.33882e+010
8.04756e+012
3.1167e+019
3.42755e+008
1.00877e+013
5.95593e+006
151931
2.57683e+013
1.65962e+009
1.16817e+018
1.00231e+012
1.72242e+021
1.12626e+015
6.89245e+018
3.24472e+006
3.52515e+019
25856
3.37453e+013
7.15234e+011
2860.79
2.05932e+019
1.68635e+008
4.59933e+019
25856
3.56143e+016
1.33281e+017
7.9466e+017
2.16954e+016
3.7854e+021
8.31456e+016
2.76522e+009
4.38054e+007
7.38401e+007
2.58629e+016
3.45457e+006
3.49357e+011
6.42732e+014
8.34555e+016
9.05215e+011
20251.2
6.92566e+010
1.69805e+012
1.47541e+009
3607.4
5.42603e+020
1698.92
4.88517e+021
2.11599e+011
1.94402e+010
3.92752e+016
3.76431e+011
1.08414e+021
6.62538e+012
3.88847e+011
2.2856e+012
10516.2
1.08956e+017
1.4931e+007
2.69075e+009
3.4681e+016
2.06678e+008
1.21815e+009
4.36595e+010
2.37066e+007
2.45205e+018
1248.86
3.03281e+014
4.36891e+015
8.75539e+013
3.82067e+016
5.36223e+018
7.79435e+008
9.63688e+019
8.8793e+007
7.35236e+019
6.15981e+006
2.35994e+019
3259.25
1.59544e+016
1.75063e+015
6.11407e+013
1.48678e+007
5.79961e+007
8.40261e+009
1.79591e+015
15314.2
3.13263e+009
19264.1
5016.36
1468.23
43519.7
6.67267e+020
1.67972e+012
4.93516e+008
1.80195e+013
1243.83
1.17055e+010
1.39975e+011
6.83115e+011
inf
1.58792e+022
inf
inf
inf
inf
inf
inf
inf
inf
inf
inf
inf
inf
inf
inf
inf
inf
inf
inf
inf
inf
inf
inf
inf
inf
inf
inf
6.80567e+244
inf
inf
inf
inf
inf
inf
inf
inf
inf
inf
inf
4.78473e+199
inf
inf
inf
inf
7.57637e+180
5.88203e+160
2.61273e+276
inf
8.02529e+072
7.66614e+302
1.57918e+175
3.4766e+147
inf
inf
inf
inf
inf
inf
1.57142e+296
inf
inf
1.76928e+301
inf
inf
inf
inf
inf
inf
inf
inf
inf
inf
inf
inf
inf
inf
inf
inf
9.10854e+125
inf
inf
inf
inf
inf
1.17699e+108
inf
inf
inf
inf
6.4637e+029
inf
7.76596e+162
inf
inf
inf
inf
inf
4.84445e+017
inf
nan
nan
nan
nan
