1081.37
1080.16
1080.12
1081.07
1080.75
1080.17
1081.78
1081.43
1081.6
1080.98
1081.94
1081.21
1081.98
1081.74
1081.84
1083.12
1082.18
1083.22
1083
1080.81
1081.16
1082.69
1082.05
1082.97
1081.7
1082.95
1082.28
1082.41
1080.86
1080.82
1083.31
1081.42
1081.27
1081.36
1080.93
1081.23
1081.6
1081.37
1082.84
1082.97
1082.78
1080.54
1081.89
1082.38
1082.25
1083.51
1082.87
1082.66
1081.59
1081.75
1081.26
1081.96
1080.76
1082.1
1082.2
1082.19
1081.02
1081
1081.14
1079
1079.62
1082.53
1082.82
1080.84
1080.3
1083.14
1081.73
1081.98
1080.31
1081.41
1080.54
1081.68
1080.69
1080.16
1080.29
1081.44
1080.7
1079.64
1080.03
1079.36
1080.14
1080.73
1079.24
1080.31
1082.63
1082.8
1082.93
1081.24
1082.24
1082.99
1080.74
1081
1080.84
1080.74
1081
1081.31
1079.23
1080.17
1079.63
1080.32
1080.13
1081.45
1080.64
1080.59
1079.9
1080.6
1082.36
1082.28
1081.04
1081.21
1081.32
1082.35
1082.52
1081.23
1081.22
1083.12
1081.23
1082.24
1081.17
1080.13
1080.44
1079.17
1082.13
1080.59
1080.12
1081.79
1080.76
1080.9
1081.57
1079.92
1080.39
1080.7
1079.83
1080.37
1079.82
1081.02
1081.01
1081.2
1079.97
1079.97
1080.6
1080.08
1080.94
1080.61
1081.48
1082.5
1081.31
1081.35
1082.83
1082.51
1082.85
1083.1
1082.85
1081.86
1081.48
1080.06
1080.09
1080.68
1080.78
1081.49
1080.98
1080.65
1080.19
1081.7
1081.98
1081.46
1082.87
1082.43
1082.75
1082.33
1081.72
1081.6
1082.82
1083.2
1082.16
1082.36
1080.36
1081.56
1080.75
1082.28
1081.35
1081.31
1080.28
1081.92
1081.94
1081.43
1082.23
1081.97
1082.5
1081.9
1082.03
1082.25
1081.15
1082.09
1081.28
1080.87
1081.79
1080.39
1081.55
1081.06
1082.17
1081.13
1080.36
1081.46
1080.7
1079.95
1080.01
1081.31
1080.01
1081.82
1081.1
1081.27
1082.65
1081.26
1082.66
1081.79
1082.4
1081
1081.83
1081.26
1081.52
1082.4
1081.97
1081.35
1081.1
1082.04
1081.57
1081.6
1083.3
1081.66
1083.31
1081.42
1080.7
1079.84
1081.14
1080.18
1080.68
1081.4
1081.16
1080.99
1081.68
1082.82
1082.31
1081.26
1080.57
1080.73
1081.97
1082.63
1080.85
1080.95
1081.9
1081.11
1081.47
1081.69
1081.54
1081.13
1082.59
1080.64
1082.37
1082.82
1083.25
1081.77
1080.93
1081.3
1080.92
1081.82
1081.72
1083.63
1082.21
1082.84
1082.42
1082.72
1082.3
1081.41
1081.39
1081.53
1081.81
1081.9
1082.78
1082.5
1081.68
1081.61
1079.81
1079.91
1080.96
1080.62
1083.03
1081.79
1082.85
1079.75
1080.8
1080.77
1080.64
1081.2
1080.14
1080.83
1082.58
1082.73
1082.59
1082.82
1081.45
1082.88
1080.48
1080.7
1081.88
1080.15
1082.12
1080.57
1081.43
1080.76
1079.97
1080.04
1080.99
1080.2
1081.79
1081.19
1081.8
1081.68
1083.39
1081.91
1081.9
1081.98
1082.16
1082.36
1081.35
1082.38
1081.32
1081.49
1081.24
1081.05
1082.99
1081.81
1081.72
1082.49
1081.25
1080.58
1081.5
1080.74
1081.2
1080.61
1080.74
1081.96
1081.62
1083.19
1081.4
1083.19
1082.45
1083.12
1083.31
1082.49
1080.83
1080.79
1080.31
1080.83
1082.35
1080.94
1080.72
1080.7
1081.38
1080.09
1082
1081.69
1080.9
1082.96
1080.8
1080.85
1081.28
1080.65
1080.72
1081.07
1080.84
1080.38
1080.99
1080.35
1080.48
1080.63
1081.58
1080.47
1081.63
1080.47
1080.49
1082.8
1082.99
1083.36
1083.1
1082.24
1083.1
1083.47
1082.81
1082.58
1082.46
1083.18
1082.43
1082.93
1083.57
1082.13
1082.65
1081.86
1081.6
1081.33
1080.59
1081.98
1080.8
1082.79
1081.46
1080.62
1081.96
1081.31
1080.53
1081.33
1082.05
1081.3
1079.74
1079.8
1080.71
1080.4
1083.12
1082.15
1081.69
1082.77
1082.4
1083.91
1083.01
1082.15
1081.37
1082.14
1081.24
1081.63
1082.02
1081.78
1080.97
1081.87
1080.51
1081.53
1081.81
1083.49
1081.62
1082.14
1080.02
1081.86
1081.1
1080.08
1080.21
1080.4
1083.07
1081.94
1082.9
1082.33
1082.55
1081.91
1082.5
1082.96
1083.03
1081.83
1080.79
1082
1082.2
1081.97
1083.29
1080.69
1082.65
1080.69
1082.06
1080.91
1081.56
1080.8
1080.44
1080.77
1080.75
1079.75
1080.33
1080.4
1081.67
1080.86
1081.84
1081.2
1081.96
1081.92
1081.35
1081.42
1081.5
1081.17
1081.21
1079.87
1080.67
1080.1
1082.06
1082.14
1083.12
1082.57
1081.3
1081.66
1080.47
1080.79
1081.96
1079.8
1080.08
1080.29
1080.14
1082.54
1081.09
1080.83
1080.95
1080.2
1080.66
1080.43
1082.33
1080.76
1081.6
1080.59
1082.07
1081.64
1080.6
1080.93
1081.59
1081.75
1081.42
1082.46
1080.79
1081.29
1081.86
1079.83
1080.02
1080.84
1080.07
1081.81
1082.69
1082.13
1080.92
1081.99
1081.04
1082.79
1081.77
1082.12
1082.47
1082.08
1083.13
1082.68
1082.71
1082.51
1081.42
1082.54
1082.09
1082.55
1082.75
1081.51
1082.26
1081.09
1081.54
1081.55
1080.82
1081.78
1081.58
1080.73
1082.01
1081.89
1083.92
1083.43
1082.06
1082.72
1083.01
1083.6
1082.3
1081.61
1082.96
1081.47
1082.4
1079.78
1080.52
1081.44
1079.81
1081.8
1080.77
1080.86
1083.05
1081.76
1081.19
1081.45
1081.47
1081.7
1082.46
1081.71
1082.73
1082.4
1083.19
1082.7
1082.45
1083.27
1083.44
1082.61
1082.31
1083.12
1083.21
1081.53
1080.73
1081.53
1081.97
1081.65
1081.41
1080.51
1081.3
1079.91
1080.39
1080.67
1081.07
1080.52
1082.23
1083.07
1083.24
1082.72
1083.1
1082.18
1080.3
1080.51
1081.41
1082.34
1080.49
1080.29
1079.84
1080.03
1079.54
1080.05
1079.72
1080.49
1080.29
1080.83
1080.81
1080.89
1081.19
1080.25
1080.02
1081.16
1081.92
1082.23
1084.13
1083.76
1082.16
1081.25
1081.79
1080.36
1081.82
1080.4
1081.41
1079.93
1080.24
1081.31
1080.84
1080.7
1081.64
1080.88
1082.29
1082.51
1082.9
1082.37
1081.95
1080.97
1082.26
1081.85
1081.77
1082.12
1082.32
1081.35
1081.28
1081.34
1081.77
1083.15
1081.53
1082.62
1082.29
1082.64
1082.27
1082.03
1083.43
1081.6
1082.34
1081.01
1080.5
1080.55
1080.93
1080.49
1082.46
1080.83
1081.69
1080.64
1083.03
1083.52
1082.02
1081.16
1080.3
1080.16
1080.28
1080.71
1082.98
1082.12
1083.08
1083.96
1082.5
1083.26
1082.89
1080.52
1080.18
1081.01
1080.24
1080.91
1081.92
1081.38
1082.09
1083.11
1083.24
1081.95
1081.32
1082.22
1080.99
1083.4
1082.41
1083.4
1081.93
1083.23
1082.27
1082.53
1083.67
1082.42
1082.36
1080.84
1080.95
1081.16
1082.64
1081.52
1083.48
1081.1
1082.62
1081.24
1082.36
1081.14
1083.9
1082.24
1083.26
1083.14
1083.11
1083.74
1083.12
1081.43
1081.87
1080.81
1080.63
1080.74
1080.74
1081.3
1082.07
1081.7
1082.68
1083.35
1082.9
1082.3
1081.82
1081.99
1082.71
1081.68
1082.1
1081.31
1081.84
1083.41
1082.5
1082.59
1083.52
1080.88
1080.75
1082.83
1082.55
1082.58
1081.74
1084.09
1081.76
1084.44
1084.3
1082.59
1081.84
1079.42
1080.4
1079.66
1080.66
1080.91
1082.71
1080.19
1082.56
1082.58
1080.32
1081.01
1081.49
1080.96
1082.87
1083.04
1083.14
1082.03
1080.97
1082.09
1081.74
1081.64
1083.3
1082.57
1082.96
1082.42
1081.92
1080.69
1081.87
1080.83
1083.35
1082.6
1081.26
1083.66
1083.24
1083.02
1082.74
1081.88
1081.08
1082.44
1082.25
1082.58
1083.38
1083.78
1082.56
1082.12
1081.95
1081.53
1081.52
1082.15
1080.94
1082.03
1080.37
1080.81
1082.37
1081.16
1081.98
1080.36
1081.47
1080.69
1081.4
1080.73
1079.91
1079.77
1083.23
1079.76
1082.62
1081.92
1081.43
1080.24
1083.27
1082.42
1082.57
1083.82
1080.43
1081.04
1082.31
1079.76
1079.6
1082.01
1080.19
1082.56
1082.77
1080.48
1080.27
1081.08
1080.33
1082.42
1081.88
1080.89
1081.13
1081.9
1082.32
1081.62
1082.2
1079.82
1081.2
1080.98
1081.31
1083.77
1082.38
1083.47
1081.41
1081.85
1081.16
1082.92
1080.12
1080.27
1081.08
1080.33
1081.31
1081.77
1080.82
1081.35
1080.74
1082.2
1080.55
1081.02
1081.11
1080.12
1081.01
1080.41
1080.05
1082.08
1080.73
1081
1082.87
1081.61
1082.01
1081.93
1081.8
1082.61
1082.2
1081.57
1081.5
1080.07
1081.12
1081.27
1082.99
1081.16
1082.09
1081.13
1082.96
1082.9
1082.27
1082.93
1082.27
1080.28
1081.78
1079.85
1080.48
1080.9
1079.95
1080.67
1081.42
1080.9
1080.55
1079.75
1079.61
1080.16
1081.27
1082.98
1082.75
1083.41
1083.41
1082.64
1080.52
1081.2
1080.58
1081.2
1081.51
1080.58
1083.29
1083.47
1082.51
1083.76
1083.48
1083.01
1081.37
1081.36
1080.46
1082.31
1081.18
1083.14
1082.83
1082.26
1082.46
1082.05
1080.83
1082.56
1082.28
1080.81
1082.67
1082.8
1081.54
1084.01
1082.62
1084.25
1083.45
1084
1082.19
1082.57
1082.37
1080.66
1081.79
1081.51
1080.8
1081.83
1081.16
1081.38
1082.45
1081.76
1081.47
1081.96
1081.43
1080.38
1081.2
1080.83
1081.74
1082.68
1083.42
1083.39
1082.73
1082.72
1083.64
1081.68
1081.02
1081.97
1082.2
1081.05
1081.97
1082.19
1081.51
1082.32
1082.04
1081.12
1081.86
1081.1
1080.45
1081.76
1080.94
1082.87
1082.38
1082.18
1081.34
1081.83
1081.46
1083.36
1081.81
1083.41
1083.04
1083.09
1083.43
1082.4
1083.74
1080.94
1081.92
1081.67
1081.3
1081.3
1080.92
1080.53
1080.87
1080.6
1081.38
1083.04
1082.78
1083.58
1083.96
1084.44
1084.1
1084.11
1081.06
1083.09
1080.37
1082.7
1083.54
1082.96
1083.84
1083.8
1080.8
1081.01
1081.96
1081.36
1082.02
1081.53
1081.38
1083.04
1082.36
1082.89
1082.57
1081.91
1081.81
1082.5
1080.77
1081.07
1081.29
1082.7
1081.28
1082.99
1081.65
1081.82
1081.01
1081.15
1080.29
1079.95
1080.76
1081.11
1081.87
1080.87
1080.67
1081.4
1082.86
1082.74
1082.29
1082.84
1081.29
1081.32
1081.76
1081.07
1081.53
1082.45
1082.46
1082.09
1081.22
1080.89
1081.64
1080.2
1081.01
1080.16
1081.08
1082.51
1082.11
1082.14
1082.22
1083.81
1083.13
1083
1083.08
1082.59
1083.05
1083.38
1081.03
1082.17
1082.11
1081.51
1081.37
1080.31
1082.73
1081.18
1081.22
1082.16
1082.58
1080.8
1082.02
1081.02
1081.03
1081.75
1082.93
1083.03
1082.85
1081.97
1081.51
1082.31
1082.52
1082.83
1082.11
1083.46
1084.93
1085.66
1084.47
1084.47
1081.62
1082.1
1080.99
1082.86
1082.54
1081.56
1082.55
1081.71
1082.21
1081.14
1081.8
1082.44
1082.61
1081.54
1082.12
1083.13
1084.08
1082.49
1082.18
1082.05
1081.85
1082.09
1082.7
1081.45
1081.61
1082.49
1082.62
1082.61
1083.48
1082.12
1082.45
1081.24
1081.62
1082.95
1082
1082.3
1081.54
1082.86
1082.98
1082.18
1083.38
1081.43
1082.41
1082.53
1082.89
1082.66
1084.23
1084.39
1082.42
1082.1
1083.61
1081.92
1081.96
1081.8
1081.96
1080.7
1081.32
1081.05
1082.81
1084.86
1086.2
1082.03
1085.58
1085.31
1081.84
1084.31
1081.32
1080.67
1080.7
1081.29
1081.24
1081.7
1082.31
1080.67
1081.65
1080.81
1081.57
1081.55
1081.15
1081.84
1082.89
1082.83
1082.16
1082.92
1082.63
1083.29
1080.59
1082.59
1081.98
1082.86
1081.24
1081.99
1081.07
1081.3
1081.89
1081.42
1082.81
1080.84
1081.64
1081.36
1081.7
1081.83
1082.81
1080.77
1081.31
1081.72
1081.53
1082.55
1082.68
1081.39
1081.94
1081.48
1081.81
1084.41
1085.63
1082.71
1083.54
1082.67
1082.23
1084.77
1084.11
1080.99
1081.28
1080.62
1082.33
1081.09
1081.36
1082.04
1082.04
1081.62
1082.95
1080.71
1081.26
1080.4
1081.1
1080.71
1080.48
1081.49
1081.65
1081.37
1081.2
1081.5
1081.71
1082.46
1083.2
1083.12
1083.47
1083.5
1082.3
1083.26
1083.14
1082.28
1083.18
1084.23
1081.87
1084.43
1082.64
1083.35
1080.23
1081.09
1080.37
1081.76
1081.66
1081.07
1082.08
1083.93
1081.52
1084.15
1082.22
1082.45
1083.09
1082.41
1081.65
1081.47
1082.7
1082.67
1081.49
1082.37
1081.28
1080.73
1081.76
1081.38
1081.54
1082.25
1082.16
1083.06
1081.17
1082.14
1081.99
1081.85
1083.03
1080.59
1081.56
1081.56
1082.41
1081.46
1083.38
1082.73
1083.65
1083.07
1084.25
1083.01
1084.18
1083.34
1083.89
1083.4
1083.23
1082.91
1083.2
1082.88
1083.65
1082.45
1083.09
1082.41
1081.18
1082.17
1081.16
1082.2
1081.07
1082.55
1081.69
1083.34
1081.65
1081.44
1080.79
1081.86
1080.85
1081.83
1081.88
1082.4
1081.21
1084.6
1082.31
1085.24
1084.01
1083.94
1081.66
1081.11
1082.67
1081.28
1080.71
1082.42
1081.05
1080.82
1081.17
1080.87
1081.37
1082.4
1084.73
1083.29
1083.24
1083.71
1083.71
1081.35
1083.67
1081.3
1083.57
1081.68
1081.6
1082.52
1081.84
1080.72
1080.86
1081.33
1082.5
1082.43
1082.9
1082.3
1081.85
1082.33
1082.4
1082.09
1081.27
1081.46
1081.04
1080.57
1080.63
1081.63
1084.84
1083.14
1082.9
1081.71
1082.61
1081.95
1081.36
1082.42
1081.99
1082.1
1081.6
1082.51
1081.48
1082.37
1084.02
1081.39
1082.8
1082.08
1080.52
1082.63
1080.72
1083.21
1082.77
1083.43
1082.67
1081.99
1082.39
1081.15
1082
1080.88
1081.77
1081.28
1081.58
1080.94
1081.76
1081.5
1082.46
1081.59
1082.17
1081.53
1080.58
1082.34
1081.48
1085.19
1085.67
1082.69
1082.04
1082.07
1082.84
1082.32
1082.33
1083.86
1081.76
1081.71
1083.27
1081.25
1082.84
1081.84
1080.72
1082.08
1081
1082.41
1082.01
1082.2
1082.26
1084.2
1082.22
1083.94
1081.41
1082.87
1081.83
1081.1
1082.15
1081.54
1083.3
1084.28
1082.52
1082.86
1084.3
1081.69
1081.94
1083.11
1081.42
1080.9
1082.12
1080.86
1082.38
1083.91
1083.22
1082.73
1082.67
1082.03
1083.21
1082.04
1083.43
1081.73
1084.15
1083.29
1083.23
1083.82
1081.3
1081.91
1081.23
1082.03
1081.28
1081.98
1082.74
1081.62
1081.65
1081.76
1081.65
1082.58
1081.6
1081.8
1082.45
1081.06
1082.23
1082.28
1082.19
1083
1082.36
1083.24
1082.42
1081
1081.59
1081.57
1081.82
1083.84
1082.32
1082.64
1081.79
1082.74
1081.13
1081.84
1081.99
1080.95
1081.2
1082.23
1081.3
1081.42
1081.41
1081.55
1081.63
1082.11
1081.58
1081.26
1081.33
1080.7
1081.23
1081.13
1081.84
1081.79
1081.55
1082.11
1081.7
1082.13
1081.92
1081.65
1081.15
1081.2
1082.12
1081.11
1081.47
1081.98
1082.01
1081.2
1082.24
1084.07
1082.2
1081.49
1081.67
1081.98
1082.74
1083.12
1081.05
1080.72
1083.02
1081.3
1081.79
1081.79
1080.44
1081.13
1080.98
1081.67
1082.15
1081.69
1081.98
1081.12
1084.15
1082.04
1082.94
1082.02
1081.48
1083.52
1085.71
1083.65
1084.19
1084.95
1081.81
1081.46
1081.44
1081.46
1081.57
1081.52
1081.95
1082.01
1081.02
1082.04
1085.55
1083.87
1081.12
1083.34
1083.34
1082.2
1082.99
1081.5
1081.81
1081.17
1082.27
1080.77
1082.7
1082.9
1083.82
1085.7
1084.79
1081.6
1082.16
1081.62
1082.04
1082.22
1082.24
1081.92
1083.16
1082.04
1082.57
1082
1081.66
1082.08
1081.89
1082.68
1083.11
1083.58
1082.09
1084.62
1082.26
1082.69
1081.56
1082.5
1084.44
1082.96
1083.14
1082.79
1082.75
1082.85
1083.18
1081.56
1082.06
1082.62
1081.86
1081.66
1082.18
1083.94
1083.06
1082.56
1082.03
1082.16
1084.13
1082.04
1082.66
1081.3
1082.83
1081.76
1084.15
1082.72
1084.01
1082.49
1084.29
1081.76
1083.46
1082.75
1082.28
1082.08
1082.23
1082.12
1082.17
1081.7
1082.17
1082.73
1082.74
1082.18
1083.23
1083.45
1082.22
1082.22
1081.88
1081.93
1082.9
1081.51
1081.41
1082.54
1085.96
1083.84
1083.34
1084.22
1084.28
1084.95
1084.36
1084.26
1084.35
1083.68
1083.38
1081.95
1081.31
1081.28
1082.49
1085.85
1082.53
1084.16
1082.08
1082.56
1082.52
1082.17
1082.73
1082.74
1082.08
1083.12
1081.98
1083.08
1081.91
1081.65
1081.99
1082.01
1081.83
1081.45
1083.1
1082.79
1081.91
1081.6
1081.31
1081.9
1081.65
1084.56
1082.13
1081.64
1081.78
1081.14
1081.69
1082.57
1084.17
1082.61
1082.83
1082.44
1083.1
1082.94
1082.35
1082.93
1083.2
1084.11
1085.4
1083.8
1084.47
1084.17
1083.99
1086.05
1083.43
1084.56
1083.39
1083.79
1083.21
1083.35
1081.93
1083.7
1082.52
1082.17
1082.91
1082.89
1082.79
1083.49
1084.66
1085.56
1083.53
1086.32
1081.71
1082.77
1082.07
1081.99
1085.91
1085.64
1082.16
1086.05
1081.72
1083.05
1081.83
1082.29
1082.91
1082.89
1082.05
1082.8
1082.13
1082.39
1082.44
1083.95
1083.15
1082.45
1083.51
1083.39
1082.89
1084.01
1081.38
1082.39
1082.37
1081.27
1083.04
1083.01
1083.05
1081.99
1084.26
1084.68
1085.23
1085.58
1085.23
1085.58
1085.23
1084.47
1085.2
1084.51
1084.14
1082.08
1083.27
1084.01
1084.66
1083.98
1083.94
1084.61
1084.22
1082.74
1082.96
1082.91
1082.24
1083.03
1082.78
1083.14
1084.12
1084.23
1083.38
1082.64
1083.98
1082.06
1081.64
1083.11
1083.05
1083.56
1084.85
1085.99
1082.09
1084.23
1082.63
1082.23
1082.05
1082.8
1082.53
1084.22
1082.14
1082.72
1084.18
1082.43
1081.52
1081.58
1080.98
1082.36
1081.32
1082.63
1081.37
1081.94
1082.45
1082.81
1081.55
1083.28
1083.18
1083.23
1082.22
1082.49
1083.75
1081.79
1082.44
1080.78
1083.99
1082.07
1084.32
1081.87
1080.96
1081.85
1082.66
1082.29
1082.66
1082.23
1082.39
1081.65
1082.86
1081.29
1081.76
1086.19
1083.48
1084.34
1082.34
1082.49
1082.52
1086.26
1084.4
1086.52
1083.93
1084.28
1084.94
1082.93
1084.27
1083.47
1081.82
1081.67
1082.92
1083.52
1084.16
1082
1083.18
1082.78
1086.41
1083.78
1083.98
1082.95
1082.66
1083.37
1081.16
1081.92
1082.41
1082.09
1083.09
1083.76
1083.5
1084.24
1083.22
1082.28
1081.69
1082.28
1081.51
1082.5
1081.84
1081.77
1082.8
1086.14
1082.62
1083.37
1081.67
1082.29
1081.9
1082.65
1081.89
1083.81
1083.89
1083.97
1083.3
1084.2
1081.7
1083
1082.45
1082.11
1083.22
1082.43
1086.48
1084.05
1087.07
1082.32
1084.55
1082.92
1084.15
1082.08
1083.84
1083.39
1083.43
1082.64
1084.11
1084.62
1082.31
1082.7
1084.14
1082.17
1082.06
1082.44
1082.52
1081.45
1082.28
1082.53
1082.57
1083.42
1087.59
1082.36
1085.3
1082.97
1081.47
1087.16
1082.56
1087.53
1082.11
1082.28
1082
1081.84
1083.79
1082.67
1081.98
1083.03
1082.32
1082.99
1082.35
1081.95
1081.97
1081.75
1081.87
1084.27
1082.63
1082.46
1085.09
1089.09
1086.19
1091.9
1089.75
1089.6
1091.9
1088.63
1088.55
1090.8
1088.6
1088.02
1082.61
1083.01
1083.72
1084.28
1086.42
1085.69
1084.99
1082.25
1082.21
1083.23
1082.71
1082.41
1084.48
1081.73
1083.73
1082.82
1082.73
1083.3
1084.12
1083.95
1082.66
1083.34
1084.03
1081.77
1082.55
1082.56
1082.66
1083.34
1083.83
1082
1082.55
1083.36
1082.39
1082.77
1082.71
1083.3
1084.31
1083.54
1083.43
1083.24
1082.97
1084
1083.84
1083.57
1084.49
1083.08
1082.4
1081.96
1083.29
1083.81
1084.78
1084.17
1084.11
1083.7
1082.71
1083.42
1084.34
1083.79
1083.39
1083.63
1085.15
1082.82
1084
1083.65
1083.18
1083.51
1083.44
1084.21
1084.07
1084.86
1083
1083.34
1084.24
1082.4
1083.83
1084.79
1084.18
1084.27
1084.39
1085.26
1085.6
1084.18
1084.11
1085.86
1083.61
1084.29
1083.76
1083.86
1082.66
1083.56
1082.69
1083.4
1084.39
1084.96
1085.61
1085.71
1086.05
1085.38
1082.78
1084
1082.97
1083.42
1083.63
1083.31
1083.66
1083.7
1083.99
1084.3
1086.04
1083.25
1083.02
1085.02
1082.26
1082.29
1082.41
1084.42
1084.97
1082.57
1085.61
1090.78
1087.4
1084.99
1084.78
1082.38
1083.02
1084.13
1082.31
1082.6
1089.26
1085.38
1082.84
1083.62
1083.91
1083.71
1083.42
1082.6
1084
1083.09
1083.55
1083.86
1083.08
1083.33
1082.12
1082.96
1082.05
1082.53
1082.85
1083.73
1083.63
1083.08
1084.02
1082.6
1082.86
1083.89
1090.19
1086.41
1085.65
1083.12
1084.02
1085.43
1082.54
1083.71
1091.11
1086.61
1087.26
1084.13
1083
1089.99
1084.4
1090.25
1083.19
1085.11
1084.22
1085.2
1082.72
1083.29
1082.41
1082.65
1082.84
1083.3
1082.84
1084.12
1084.87
1081.74
1082.52
1082.97
1082.83
1084.58
1082.55
1083.35
1084.42
1084.92
1084.23
1084.71
1083.42
1083.08
1083.44
1083.3
1084.31
1086.4
1083.98
1083.45
1084.28
1082.79
1083.34
1084.39
1083.53
1083.46
1084.12
1083.59
1084.22
1082.66
1084.21
1084.69
1085.55
1084.14
1082.8
1085.4
1082.35
1083.21
1082.6
1083.73
1082.56
1082.16
1083.75
1082.39
1082.57
1083.21
1083.65
1083.64
1083.16
1082.44
1084.64
1084.52
1084.57
1084.95
1084.8
1085.49
1084.9
1084.81
1084.93
1084.6
1084.49
1086.85
1086.31
1086
1084.48
1086.08
1083.08
1083.98
1085.04
1084.34
1085.38
1086.4
1085.78
1084.67
1085.41
1090.9
1086.55
1086.43
1085.99
1085.48
1091.3
1084.1
1087.84
1084.73
1083.69
1084.29
1084.69
1083.41
1082.85
1083.94
1082.67
1083.19
1085.45
1084.4
1085.43
1086.17
1084.81
1086.5
1082.95
1083.87
1084.78
1083.51
1083.21
1083.92
1083.28
1088.95
1085.66
1085.31
1084.65
1086.03
1084.93
1091.27
1087.57
1084.56
1085.53
1083.59
1084.55
1081.59
1082.95
1083.01
1082.66
1083.02
1083.43
1083.39
1082.72
1082.98
1082.9
1083.25
1082.34
1082.34
1082.88
1083.84
1084.64
1085.48
1084.91
1084.01
1087.9
1087.82
1095.14
1083.77
1085.64
1083.09
1085.12
1083.22
1083.66
1083.91
1083.42
1083.11
1083.02
1084.11
1084.13
1083.45
1084.09
1083.11
1084.65
1086.3
1087.09
1084.25
1084.11
1085.44
1085
1084.27
1084.71
1083.04
1084.93
1084.22
1083.08
1083.6
1083.71
1085.57
1084.91
1084.66
1087.81
1084.8
1085.05
1086.62
1087.22
1087.67
1085.84
1092.39
1086.81
1086.56
1083.36
1084.71
1085.97
1083.73
1085.95
1082.91
1084.14
1085.05
1083.61
1084.45
1086.56
1084.13
1085.44
1083.23
1084.1
1091.02
1085.8
1083.93
1086.01
1084.4
1083.64
1084.58
1083.71
1083.54
1084.11
1086.21
1085.42
1085.82
1085.67
1085.57
1085.58
1086.1
1084.02
1084.56
1084.23
1084
1083.93
1085.79
1083.65
1083.89
1083.21
1083.43
1082.78
1083.38
1089.13
1085.84
1083.63
1086.46
1083.97
1083.81
1083.82
1085.02
1083.02
1084.68
1083.08
1084.53
1083.44
1084.68
1084.44
1085.29
1083.47
1084.05
1085.06
1083.34
1084.48
1083.14
1083.38
1085.9
1084.22
1086.08
1083.48
1083.78
1084.46
1084.12
1084.91
1085.99
1087.16
1085.24
1084.29
1084.83
1082.91
1083.85
1083.31
1082.83
1083.81
1083.8
1083.9
1083.15
1084.71
1085.26
1086.43
1086.64
1087.27
1086.54
1085.72
1084.21
1082.91
1085.43
1086.43
1085.98
1084.05
1085.03
1085.84
1084.96
1086.1
1086.23
1091.32
1087.87
1085.54
1087.75
1085.29
1084.92
1084.68
1083.71
1084.6
1084.11
1085.22
1086.41
1083.61
1085.67
1085.37
1085.13
1084.1
1085.84
1084.51
1084.64
1086.09
1085.36
1084.75
1085.43
1085.6
1085.18
1086.13
1085.15
1085.99
1085.3
1084.41
1083.9
1083.48
1083.57
1083.69
1085.85
1085.46
1084.79
1085.8
1084.7
1086
1085.03
1085.92
1085.62
1085.26
1085.2
1084.74
1084.53
1084.46
1084.85
1085.08
1086.18
1084.34
1086.47
1085.18
1086.11
1085.53
1085.21
1082.96
1084.77
1085.45
1086.47
1086.86
1086.76
1085.63
1084.65
1086.07
1083.98
1085.95
1082.91
1084.28
1085.24
1085.01
1084.01
1086.18
1084.96
1084.56
1085.98
1085.05
1085.41
1085.85
1084.58
1086.72
1101.06
1108.82
1101.88
1101.88
1084.37
1083.9
1083.79
1085.26
1083.61
1084.9
1084.38
1084.72
1084.57
1084.12
1084.92
1083.88
1084.5
1084.89
1086.69
1086.53
1085.03
1085.94
1086.83
1085.78
1086.22
1085.34
1085.73
1084.85
1086.1
1086.87
1087.26
1087.19
1085.53
1085.82
1084.97
1086.97
1094.62
1084.12
1090.26
1084.81
1083.86
1085.13
1086.68
1086.62
1085.64
1085.54
1085.07
1084.4
1084.13
1083.98
1085.84
1085.58
1086.32
1086.64
1084.82
1084.28
1085.42
1084.16
1084.32
1084.26
1085.21
1085.5
1086.83
1084.78
1084.87
1086.32
1086.04
1084.48
1084.54
1085.43
1085.15
1085.8
1085.78
1085.92
1087.16
1085.83
1086.66
1087.28
1084.57
1087.18
1085.25
1085.42
1085.33
1085.14
1084.22
1083.92
1085.04
1084.32
1085.81
1084.36
1084.96
1085.42
1084.5
1084.44
1085.19
1084.79
1084.89
1084.17
1084.18
1085.46
1084.52
1084.35
1084.38
1084.31
1083.96
1086.15
1084.21
1085.19
1084.79
1085.03
1084.94
1084.1
1085.95
1084.6
1085.11
1085.46
1084.67
1084.85
1084.73
1085.99
1085.72
1086
1085.91
1085.55
1085.18
1085.28
1084.99
1085.61
1085.13
1085.69
1085.72
1087.09
1084.01
1084.35
1086.49
1085.53
1086.48
1084.85
1085.49
1084.33
1083.69
1084.71
1084.42
1084.49
1085.32
1086.11
1085.51
1091.89
1088.27
1086.12
1087.57
1086.05
1084.22
1086.57
1084.39
1084.41
1084.56
1085.71
1086.41
1085.22
1086.2
1084.57
1084.52
1084.6
1084.48
1085.92
1098.86
1089.46
1097.81
1085.53
1086.18
1089.67
1086.44
1083.91
1084.6
1086.49
1084.62
1091.6
1087.98
1085.15
1088.96
1086.17
1087.59
1085.85
1087.22
1086.15
1087.19
1086.15
1087.32
1086.46
1086.58
1088.77
1087.05
1088.09
1088.63
1086.75
1087.49
1086.65
1086.43
1086.75
1086.7
1086.85
1087.7
1087.91
1089.3
1088.69
1093.66
1090.38
1088.79
1089.07
1085.79
1085.79
1085.57
1086.66
1086.69
1086.24
1087.71
1086.67
1087.06
1086.23
1086.73
1086.32
1086.56
1086.62
1086.92
1086.29
1086.65
1086.66
1088.64
1087.61
1085.4
1086.38
1087.3
1087.06
1085.77
1086.83
1089.1
1098.96
1090.85
1087.69
1086.62
1085.65
1084.99
1086.82
1085.79
1085.37
1085.81
1085.31
1084.74
1087.24
1086.58
1085.57
1086.37
1085.75
1086.19
1084.12
1085.35
1085.32
1085.69
1086.03
1088.14
1087.29
1086.78
1086.61
1086.04
1087.07
1086.78
1098.73
1098.45
1090.62
1105.08
1097.5
1094.71
1105.61
1097.84
1094.69
1088.17
1086.18
1089.16
1085.52
1084.88
1086.61
1086.51
1086.02
1086.52
1086.06
1085.78
1085.29
1084.54
1086.69
1087.06
1087.75
1087.32
1087.17
1086.79
1086.79
1087.09
1086.64
1087.47
1087.16
1087.99
1085.22
1086.04
1085.7
1087.62
1087.71
1087
1086.73
1086.15
1087.51
1090.13
1091.12
1089.99
1086.07
1086.84
1085.24
1087.11
1087.31
1088.65
1087.08
1088.17
1086.22
1087.34
1086.36
1087.68
1087.51
1086.61
1085.49
1086.84
1087.55
1087.13
1088.02
1092.98
1088.8
1089.02
1086.93
1086.63
1086.41
1085.49
1086.05
1086.01
1087.39
1085.61
1086.83
1085.34
1086.05
1087.15
1086.35
1087.51
1086.79
1088.31
1088.66
1089.31
1087.13
1087.48
1086.72
1088.24
1088.12
1085.19
1086.23
1087.04
1085.54
1086.23
1085.39
1086.4
1085.3
1085.85
1085.2
1086.25
1085.93
1085.81
1086.91
1086.98
1087.18
1088.08
1087.47
1086.39
1086.24
1086.12
1085.6
1086.08
1087.37
1086.46
1087.08
1089.61
1112.23
1122.14
1099.1
1109.75
1122.14
1092.18
1088.12
1087.18
1086.81
1088.26
1086.68
1089.53
1088.4
1087.13
1087.82
1085.84
1087.24
1086.79
1087.65
1087.36
1088.51
1086.85
1087.51
1086.07
1087.98
1087.36
1086.32
1087.33
1087.18
1086.44
1088.26
1088.46
1088.91
1086.88
1085.99
1085.95
1087.9
1087.69
1088.71
1085.73
1085.72
1089.51
1088.54
1086.17
1087.33
1086.85
1087.28
1087.61
1086.24
1086.27
1086.1
1086.82
1086.82
1087.02
1087.12
1086.56
1087.8
1086.33
1088.1
1087.24
1086.79
1086.24
1086.09
1087.36
1087.5
1087.67
1087.82
1087.99
1086.46
1087.58
1086.95
1087.28
1087.18
1086.57
1086.21
1087.69
1086.05
1086.07
1085.44
1087.2
1086.19
1086.24
1087.52
1086.87
1087.62
1087.13
1086.36
1086.59
1087.02
1087.23
1087.46
1086.8
1086.7
1087.53
1088.21
1089.93
1089.03
1089.45
1087.69
1086.72
1086.96
1085.41
1087.62
1088.18
1086.27
1085.39
1086.77
1086.88
1089.43
1087.31
1089.84
1090.33
1088.47
1091.51
1090.33
1089.25
1086.35
1087.43
1090.11
1104.45
1091.85
1097.5
1098.57
1086.25
1086.34
1102.05
1114.8
1111.45
1094.79
1093.77
1091.72
1091.36
1093.59
1094.34
1086.02
1086.2
1086.38
1087.1
1086.77
1089.02
1091.04
1087.14
1087.16
1087.48
1095.22
1089.09
1091.29
1088.74
1087.24
1089.7
1088.45
1089.92
1089.48
1088.99
1089.33
1087.53
1088.68
1089.39
1087.97
1088.16
1088.92
1090.03
1089.35
1088.55
1086.45
1089.06
1089.81
1087.16
1086.82
1088.27
1087.93
1088.79
1088.88
1090.33
1091.99
1088.32
1090.36
1090.02
1089.17
1089.31
1089.01
1089.42
1089.85
1089.8
1090.02
1089.86
1089.28
1089.29
1092.19
1090.2
1087.77
1090.29
1090.09
1091.63
1088.04
1087.71
1087.69
1087.24
1089.7
1088.45
1087
1088.15
1087.58
1086.2
1088.43
1087.03
1089.73
1088.4
1089.72
1091.04
1090.35
1087.26
1088.08
1087.95
1088.58
1087.78
1088.15
1089.56
1088.93
1091.66
1090.08
1089.93
1088.93
1089.02
1089.38
1089.39
1091.65
1089.74
1091.08
1088.82
1089.34
1089.7
1089.45
1088.18
1089.22
1090.46
1088.47
1089.3
1088.69
1089.3
1088.22
1091.12
1088.42
1088.32
1087.02
1088.07
1088.73
1089.82
1088.78
1087.55
1088.48
1087.89
1088.6
1088.54
1089.22
1089.3
1091.43
1087.69
1089.64
1089.39
1088.91
1088.54
1087.82
1088.17
1091.14
1088.9
1089.52
1087.43
1097.09
1091.31
1091.22
1089.54
1089.4
1089
1088.5
1088.74
1088.54
1088.68
1088.7
1087.64
1087.84
1089.2
1088.62
1091.99
1089.79
1088.99
1089.51
1091.58
1089.02
1089.52
1088.53
1089.23
1088.17
1088.79
1088.04
1088.72
1087.9
1088.21
1087.57
1088.14
1086.94
1090.53
1088.11
1091.25
1087.9
1089.6
1090.32
1090.25
1090.54
1092.92
1091.11
1089.95
1089.97
1092.61
1091.11
1092.83
1090.87
1091.83
1090.12
1089.97
1090.06
1094.1
1089.88
1088.89
1090.02
1093.07
1090.87
1092.77
1092.67
1090.59
1090.85
1089.81
1090.68
1092.24
1090.2
1091.35
1089.19
1089.84
1089.73
1090.54
1090.11
1090.82
1089.25
1089.76
1089.24
1089.8
1088.78
1089.71
1090.42
1090.9
1090.55
1089.53
1093.29
1089.11
1090.56
1088.89
1089.58
1089.23
1089.39
1089.02
1089.54
1089.67
1090.09
1089.08
1089.66
1089.18
1089.51
1089.19
1088.92
1089.07
1090.06
1088.91
1093.15
1090.76
1090.4
1090.36
1093.8
1091.21
1089.3
1089.9
1089.42
1089.25
1088.93
1089.48
1090.42
1098.25
1095.57
1094.8
1089.31
1089.74
1089.58
1089.97
1089.04
1092.32
1089.56
1086.52
1087.44
1087.19
1088.1
1089.81
1094.12
1091.68
1087.96
1089.77
1091.13
1088.67
1089.87
1111.32
1091.31
1099.28
1098.73
1095.91
1093.19
1091.17
1095.53
1092.33
1091.34
1090.38
1092.59
1091.28
1093.67
1090.7
1089.85
1091.23
1091.41
1096.67
1090.56
1089.93
1088.93
1105.02
1096.52
1090.73
1091.09
1090.47
1098.4
1093.49
1095.56
1101.41
1098.53
1089.77
1097.84
1093.56
1092.25
1111.82
1094.53
1091.89
1097.92
1094.47
1104.14
1098.44
1104.14
1111.05
1104.65
1090.96
1091.29
1097.23
1091.91
1090.52
1093.51
1092.36
1093.37
1097.31
1092.76
1092.73
1089.82
1090.41
1089.59
1091.99
1090.65
1089.53
1091.28
1092.66
1091.84
1096.67
1092.18
1096.1
1095.79
1092.52
1092.95
1108.04
1093.7
1091.57
1091.82
1097.44
1093.2
1089.5
1092.02
1095.06
1095.81
1092.93
1096.1
1095.79
1092.52
1089.36
1091.92
1092.9
1089.71
1090.9
1090.19
1094.1
1095.82
1099.8
1100.56
1090.65
1094.86
1092.96
1099.46
1093.08
1091.04
1090.79
1090.59
1091.96
1091.73
1090.98
1090.85
1091.78
1096.89
1099.79
1106.9
1106.9
1091.94
1092.31
1090.62
1092.05
1092.84
1100.54
1091.3
1096.31
1097.79
1106.1
1092.93
1096.23
1092.47
1093.93
1100.65
1091.67
1092.75
1092.28
1093.2
1091.86
1092.21
1092.41
1093.99
1092.6
1099.47
1092.61
1093.16
1091.37
1090.87
1092.91
1091.13
1090.87
1092.75
1090.6
1090.81
1091.19
1089.87
1090.36
1089.18
1092.15
1092.21
1094.63
1095.32
1091.76
1091.99
1099.03
1089.91
1098
1092.45
1096.62
1092.35
1091.45
1090.82
1091.72
1091.63
1091.2
1091.26
1090.09
1093.86
1097.73
1091.27
1093.94
1091.85
1090.77
1092.9
1096.95
1090.09
1093.86
1097.73
1091.27
1093.91
1092.67
1101.02
1093.16
1108.06
1095.82
1091.03
1090.78
1090.4
1091.45
1092.34
1089.85
1089.89
1090.97
1094.64
1101.75
1093.45
1102.97
1091.96
1094.75
1089.17
1090.24
1089.4
1090.95
1092.09
1095.97
1110.72
1095.03
1096.64
1116.31
1095.98
1093.17
1102.24
1097.48
1111.52
1095.7
1093.61
1102.72
1114.19
1098.04
1091.08
1110.97
1095.84
1101.53
1103.71
1099.32
1109.56
1103.31
1101.16
1093.43
1094.19
1097.7
1093.72
1092.44
1092.96
1091.53
1105.44
1098.83
1093.55
1096.77
1094.33
1097.62
1107.09
1094.32
1101.68
1094.46
1090.97
1091.67
1090.53
1091.99
1089.88
1090.36
1089.59
1090.01
1093.27
1091.27
1091.59
1089.94
1090.25
1090.21
1093.03
1093.68
1095.12
1095.21
1107.48
1095.54
1114.96
1098.68
1092.33
1091.72
1093.2
1106.53
1098.54
1095.69
1096.85
1093.85
1107.48
1095.92
1102.21
1098.72
1099.29
1095.8
1090.54
1090.84
1096.43
1092.08
1106.38
1096.17
1097.33
1092.93
1092.53
1092.04
1092.27
1090.71
1092.48
1092.02
1098.02
1101.24
1102.96
1115.33
1103.49
1097.94
1095.71
1102.7
1097.33
1092.84
1098.37
1099.25
1113.66
1096.7
1095.72
1097.64
1114.31
1095.9
1112.98
1114.51
1101.57
1109.29
1098.14
1099.35
1092.26
1094.52
1112.17
1095.52
1093.19
1093.17
1092.2
1093.18
1094.49
1091.45
1093.71
1093.72
1094.49
1093.43
1099.95
1093.99
1118.05
1100.67
1116.9
1093.57
1101.07
1099.08
1106.12
1117.11
1104.73
1127.74
1097
1119
1102.51
1112.03
1098.11
1092.66
1098.48
1108.07
1125.32
1143.93
1125.32
1131.48
1166.72
1120.91
1109.19
1139.72
1100.07
1092.66
1110.32
1095.5
1108.38
1101.83
1097.56
1099.84
1097.2
1102.02
1094.49
1126.46
1127.56
1097.7
1118
1095.6
1093.49
1094.98
1117.34
1099.37
1125.46
1092.84
1097.57
1092.71
1092.47
1093.38
1093.46
1094.11
1100.07
1099.77
1096.24
1096.91
1092.95
1093.53
1095.59
1096.44
1094.1
1105.67
1097.54
1115.28
1131.1
1111.99
1124.48
1120.32
1105.09
1113.57
1111.06
1094.08
1095.36
1093.63
1093.76
1094.82
1094.04
1093.49
1093.61
1094.53
1134.39
1094.28
1155.53
1102.01
1094.45
1107.08
1137.01
1103.85
1123.27
1105.28
1095.75
1123.36
1124.2
1141.77
1144.63
1120.34
1101.34
1098.21
1107.99
1108.79
1092.09
1093.79
1092.83
1097.11
1107.73
1124.04
1098.92
1097.81
1093.52
1154.9
1099.59
1145.12
1186.4
1126.52
1122.74
1099.18
1136.19
1094.27
1096.69
1126.3
1101.08
1123.7
1122.35
1105.87
1100.53
1104.23
1103.75
1102.81
1111.68
1108.79
1100.53
1101.49
1097.26
1097.73
1099.88
1093
1095.35
1093.61
1097.08
1107.7
1098.87
1096.93
1120.62
1096.66
1117.47
1101.63
1111.66
1093.73
1114.69
1106.37
1094.66
1096.96
1099.89
1131.1
1102.19
1106.06
1124.07
1106.93
1105.89
1113.07
1099.41
1099.71
1101.81
1101.94
1103.08
1095.97
1143.54
1099.55
1107.52
1114.36
1107.86
1103.12
1126.24
1097.02
1132.7
1097.17
1104.26
1093.25
1102.26
1094.3
1094.66
1094.02
1093.33
1093.58
1095.09
1093.69
1094.04
1093.33
1094.26
1105.22
1099.28
1101.63
1093.92
1093.33
1093.18
1098.04
1096.18
1123.76
1152.02
1101.09
1140.48
1119.36
1123.8
1105.9
1100.35
1100.91
1094.85
1095.81
1094.32
1095.35
1093.55
1141.43
1098.82
1170.47
1106.07
1122.73
1105.84
1101.22
1172.22
1188.22
1098.25
1133.24
1103.12
1125.93
1099.38
1100.59
1097.02
1132.7
1101.38
1104.26
1100.47
1130.23
1117.5
1108.34
1143.22
1114.74
1111.28
1093.3
1103.63
1098.8
1103.44
1094.22
1097.83
1095.76
1093.63
1094.53
1097.2
1096.09
1098.08
1103.13
1102.99
1093.06
1104.76
1100.81
1126.24
1096.36
1132.46
1111.79
1105.14
1128.46
1121.81
1123.7
1170.55
1147.29
1187.8
1132.8
1143.47
1109.12
1100.76
1095.65
1099.98
1099.43
1101.1
1106.63
1106.41
1099.06
1105.65
1118.2
1124.83
1114.52
1117.39
1097.26
1100.57
1098.47
1150.96
1100.83
1110.71
1112.48
1095.28
1096.8
1094.48
1098.19
1102.63
1095.82
1103.46
1108.16
1103.25
1111.77
1149.79
1104.72
1103.98
1097.02
1095.3
1096.44
1094.44
1097.3
1100
1094.5
1096.5
1096.87
1100.99
1097.54
1105.26
1098.68
1152.99
1098.48
1097.33
1096.71
1152.99
1102.88
1140.1
1109.68
1096.71
1149.12
1097.64
1108.97
1125.85
1168.35
1104.82
1155.05
1107.64
1126.29
1097.75
1104.95
1099.61
1108.78
1120.77
1107.82
1177.61
1161.56
1126.33
1207.06
1114.87
1119.92
1110.77
1102.01
1170.55
1106.26
1147.31
1102.95
1100.45
1103.92
1103.47
1098.84
1158.71
1131.76
1109.56
1172.5
1151.29
1201.39
1142.92
1190.35
1134.11
1229.46
1144.05
1125.54
1106.09
1105.26
1106.84
1109.67
1113.77
1130.12
1096.74
1103.71
1099.01
1103.4
1102.92
1106.74
1097.97
1095.89
1137.14
1172.39
1100.51
1110.44
1114.02
1097.13
1096.66
1102.09
1096.92
1097.95
1101.06
1098.35
1109.28
1113.73
1105.21
1143.71
1186.58
1114.1
1101.6
1096.81
1106.49
1107.8
1103.11
1099.82
1099.68
1103.03
1107.94
1117.6
1111.74
1116.95
1112.35
1111.84
1109.78
1109.21
1105.05
1106.27
1098.56
1097.15
1129.34
1120.38
1175.19
1097.8
1116.51
1200.43
1140.63
1201.39
1218.33
1151.35
1201.39
1133.52
1141.17
1189.65
1250.38
1314.88
1160.48
1146.93
1099.28
1099.69
1098.25
1098.44
1186.24
1101.63
1097.18
1186.35
1108.8
1096.49
1113.64
1103.63
1103.34
1097.83
1102.32
1099.31
1099.81
1101.7
1099.42
1102.06
1103.63
1110.97
1112.3
1111.13
1172.38
1247.94
1117.48
1129.21
1109.42
1098.95
1113.33
1107.12
1098.98
1096.76
1105.96
1251.3
1104.64
1121.59
1253.98
1171
1122.77
1170.3
1191.26
1288.6
1168.55
1165.54
1114.81
1106.49
1114.18
1126.21
1143.13
1114.88
1101.82
1153.89
1106.49
1220.04
1104.73
1151.35
1138.18
1239.77
1115.33
1145.58
1163.16
1103.6
1125.14
1107.62
1153.18
1120.84
1101.85
1130.59
1101.75
1117.66
1106.49
1117.02
1116.2
1106.33
1114.64
1110.26
1139.54
1118.22
1135.46
1182.51
1113.31
1114.79
1135.36
1098.81
1128.95
1108.32
1106.34
1108.94
1102.7
1095.96
1100.87
1099.37
1119.33
1138.01
1128.07
1125.63
1098.37
1104.68
1105.65
1101.03
1100.24
1108.33
1105.23
1117.48
1122.75
1113.73
1120.83
1351.39
1358.46
1138.06
1126.18
1098.62
1101.71
1104.73
1099.16
1104.57
1108.03
1104.1
1100.78
1108.4
1099.91
1109.33
1223.09
1174.34
1116.88
1402.73
1118.07
1228.5
1251.38
1166.73
1174.35
1103.7
1105.01
1111.38
1132.36
1127.28
1101.02
1104.13
1107.86
1111.98
1097.87
1117.57
1102.19
1101.97
1320.74
1158.57
1123.43
1144.93
1172.96
1129.34
1126.48
1103.5
1337
1566.55
1125.17
1282.91
1228.71
1447.67
1544.02
1136.67
1453.59
1215.26
1241.02
1222.76
1356.94
1109.96
1116.01
1137.58
1098.38
1098.47
1107.9
1103.45
1107.96
1101.9
1097.74
1102.78
1100.54
1111.84
1111.47
1108.97
1108.87
1121.91
1133.99
1106.9
1102.7
1096
1097.59
1095.79
1100.83
1228.07
1345.84
1099.84
1099.03
1108.39
1102.4
1106.26
1101.56
1106.69
1108.61
1100.11
1116.8
1105.08
1118.01
1113.37
1108.19
1111.26
1106.18
1107.04
1116.87
1131.16
1118.49
1130.42
1123.36
1138.81
1132.82
1114.45
1106.76
1102.3
1110.58
1136.68
1179.07
1146.44
1152.33
1150.16
1172.05
1216.11
1131.17
1222.35
1137.02
1106.19
1100.53
1102.99
1116.9
1213.32
1393.82
1115.39
1144.49
1152.63
1209.33
1170.68
1471.85
1159
1217.13
1106.53
1113.15
1101.95
1117.18
1106.3
1164.9
1177.16
1130.99
1203.79
1138.47
1338.7
1212.26
1159.19
1199.27
1114.54
1131.25
1133.52
1145.94
1120.32
1120.66
1104.33
1123.76
1105.21
1098.94
1097.18
1106.43
1125.1
1150.55
1118
1124.55
1158.91
1138.84
1174.42
1133.58
1121.67
1111.68
1110.66
1113.26
1256.04
1104.45
1142.4
1117.72
1106.63
1105.9
1117.14
1125.22
1471.85
1149.12
1163.13
1191.26
1112.81
1143.59
1127.61
1112.9
1105.54
1107.01
1107.65
1118.02
1171.71
1142.38
1170.68
1216.82
1362.85
1131.82
1132.81
1098.49
1115.23
1122.99
1141.56
1104.04
1118.46
1125.96
1115.79
1120.79
1125.16
1125.14
1151.21
1150.44
1129.48
1107.3
1169.78
1163.28
1181.33
1290.83
1198.16
1163.24
1387
1207.51
1136.95
1175.49
1101.8
1114.87
1116.21
1142.93
1361.18
1807.27
1159.14
2194.24
1476.8
1613.21
1204
1284.18
1108.37
1106.76
1121.81
1506.19
1290.44
1445.64
1295.18
1535.07
1101.15
1373.28
1595.74
1262.01
1436.81
1568.98
1810.1
2050.04
1304.74
1102.77
1184.07
1420.51
1114.8
1780.91
1147.02
1780.91
1264.17
1128.35
1128.23
1252.28
1147.51
1226.53
1159.68
2194.24
1341.06
1655.31
1244.83
1102.68
1115.61
1125.5
1165.61
1111.78
1114.89
1119.57
1146.7
1143.11
1175.05
1206.66
1177.49
1123.45
1125.21
1129.95
1150.65
1338.02
1605.81
1136.48
1244.57
1125.43
1120.28
1129.92
1109.31
1122.52
1211.07
1154.17
1187.83
1147.41
1124.49
1135.44
1103.04
1104.58
2120.13
2465.13
1133.95
1126.93
1810.9
1122.38
1538.83
1098.8
1874.16
1108.28
1120.94
1119.43
1133.56
1241.65
1177.05
1141.36
1144
2703.13
2749.31
1292.32
1131.48
1112.33
2136.02
1175.79
2146.85
1358.05
1108.15
1178.45
1487.77
1128.2
1933.85
1141.95
1099.71
1103.47
1148.87
1447.6
1412.29
1105.23
1228.14
1325.43
1230.86
1141.81
1175.94
1225.63
1186.92
1193.8
1106.04
1695.18
1107.55
1170.59
1372.51
2051.75
1162.39
2169.77
1825.47
3312.95
1671.09
1573.72
1104.33
1290.38
1244.34
1953.58
1953.58
1256.43
1261.71
1116.92
1189.97
1158.28
1225.76
1166.87
1162.84
1138.3
1164.52
1190.14
1107.2
1194.61
1112.63
1171.65
1103.35
1165.87
1148.2
1131.54
1192.25
1638.61
1309.26
1417.74
2159.64
1224.47
2938.41
1255.81
2365.12
1415.31
1242.27
1193.99
1124.83
1149.88
2422.9
1226.84
2146.85
1147.75
1227.81
1277.05
1107.29
1265.48
1480.72
1915.18
1156
1248.11
1215.77
1120.81
1309.62
1406.11
1310.58
1294.76
1232.38
2388.03
1221.48
1192.96
1252.63
1829.97
1300.05
1649.16
1398.44
3093.68
1264.76
2647.81
1429.53
1263.84
1690.94
2379.48
1100.45
1317.21
1212.04
1221.63
1206.93
1159.75
2771.36
3232.55
5469.11
1164.41
1658.54
1401.83
1531.56
1719.54
2934.34
1841.91
2163.27
3685.2
1586.15
3010.52
1824.78
1729.39
1936.11
1613.47
1166.09
2345.68
1110.61
1128.91
3047.68
3586.49
1204.41
3029.05
1215.27
1745.61
1855.78
1107.6
1250.03
1139.7
1134.64
1103.86
1097.44
1111.89
1098.3
1098.78
1183.23
1202.79
1121.41
1119.67
1112.37
1111.04
1111.21
1110.61
1129.52
1396.68
2374.87
1170.05
1313.6
1651.04
2362.04
1457.19
1154.76
1111.66
1112.73
1136.87
1271.64
1352.69
3920.72
1639.02
2924.35
1384.01
1589.95
2071.06
1172
1388.01
1274.48
3655.34
5023.29
1228.41
1778.38
1253.42
1098.82
1539.32
1113.68
1146.74
2380.97
3938.32
1153.37
3938.32
1411.76
2466.85
3761.1
3812.21
1886.97
3182.28
1813.27
2503.94
1593.5
1471.05
1154.87
1135.24
1155.78
1115.57
1128.69
1501.32
1127.57
1117.78
1110.55
1218.21
1215.55
1208.74
2940.82
1406.67
1406.67
1331.96
1273.78
1198.14
1155.75
1273.83
1247.71
1137.29
1648.03
1105.3
1259.4
1648.03
1542.67
1112.18
2326.1
1164.34
1134.88
1140.53
1110.52
1186.43
1751.37
1151.08
1242.83
1224.1
1125.98
1152.15
1129.59
1144.62
1207.83
2044.83
1174.54
1174.8
1648.03
1122.44
1247.96
1133.53
1155.93
1109.38
1127.55
1276.07
1186.49
1383.84
1134.88
1178.14
1142.51
1971.92
1200.75
1251.56
1164.43
2044.83
1174.54
1289.24
1499.2
1398.89
1247.75
1884.06
1508.09
1111.12
1247.96
1563.11
2503.94
1175.69
1905
1214.35
1263.81
1249.98
1133.31
1664.12
2613.35
1170.52
1226.05
1140.58
1108.23
1181.7
1114.42
1133.9
1127.27
1106.89
1780.99
1114.83
1719.38
2370.28
1344.01
1485.59
2847
1132.46
1270.92
1104.29
1125.74
1130.18
