Epoch number: 1
Matrix C1
    0.249434     0.691632    -0.402159     0.796634    -0.613712    -0.280584    0.0585789    -0.334919     0.112248    -0.178395
     0.55473      0.52631   0.00125447    -0.233996    -0.101857     0.598175     0.235199     0.685784    -0.480871    -0.618573
    0.463999     0.230148    -0.116261    0.0866037    -0.342468     0.192621     0.570527    -0.227081     0.461383     0.683864
    0.416111    -0.199416     0.249833     0.810398     0.125392     0.316153     0.181081    -0.254235     0.194729    -0.456911
   -0.391635    -0.632085     0.414454    -0.279228    0.0558378     0.130578   -0.0116582    -0.147057    -0.236739    -0.124011
    0.368307     0.177839     0.720998    -0.707251    -0.016932      0.80121   -0.0557149     0.468085  -0.00303379    0.0265286
    0.713748     0.711244   -0.0878989    0.0582781 -0.000303764     0.206789     0.154932     0.349264     0.439389    -0.237491
    0.119995    0.0118326    -0.120121    -0.113097    -0.266809   -0.0936491     0.166671     0.161889    -0.330579     0.129325
   0.0316974   0.00243805     0.406055   -0.0514503    -0.112753     0.883201    0.0521379     0.156454   -0.0415425      0.11444
   -0.140527    -0.391365 -0.000734369    -0.193894     0.341619     0.173004   -0.0420377    -0.705998     0.454899    -0.343113

End of matrix C1
Matrix C2
 -0.462779   -1.28915   0.512109  -0.728637  -0.082678    1.02611   0.427574   -0.38003   0.455739   0.351671
-0.0890802  -0.129396  -0.500288  -0.156829   0.474946  -0.502548  -0.219415  0.0812736  -0.120495   0.377473
  -0.51097    1.31313  -0.750439   0.300675  -0.491936  -0.281747  -0.285304   0.111215  -0.646427  -0.047121
 -0.386324  -0.496162 -0.0701039  -0.262789  -0.290084  0.0321695  0.0187721  -0.224813   -0.45133  0.0689636
  0.194366  -0.378467  -0.297735    0.16271   0.537283  0.0284586  -0.109214   0.125785 -0.0124433 -0.0100514
  0.304999   0.197129 -0.0931654   0.487824 -0.0275723  -0.464389  0.0657529  -0.374366   0.427013     0.1632
  -1.29237  -0.822394  -0.267178  -0.134924    1.74292  -0.145636   -0.73713   -1.05104  -0.241739   0.875483
  0.274971  -0.474151   0.487702  -0.377903    1.09356  -0.151923  -0.301634  -0.104217  -0.121447   -0.56731
  0.388023   0.184331  -0.186432  -0.221479  0.0956018  -0.254163  -0.431714 -0.0819235   0.367791   0.100682
  0.330871   0.203167  -0.466048   0.438365  -0.698596  -0.241187  0.0934626 0.00183882   0.418838   0.641205

End of matrix C2
Matrix C3
  -0.645639   0.0569072    0.253635  -0.0334939   0.0726362    0.164278    -0.38574    0.347033   -0.111243   -0.293937
   0.139077    0.973727 -0.00409806   -0.738862   -0.310605  -0.0182054  -0.0112823    0.263255    -0.43707   -0.296434
   0.117273   -0.565669   -0.613214    0.307325     0.18626    0.676553    0.286579   -0.427642    0.632624     -1.2778
  -0.679794   -0.300831   -0.965892    -0.19018   -0.289952   -0.806757   -0.399567  -0.0434921    -0.17005   -0.140068
  0.0585891    0.415791     -1.2588    0.418968    0.217542    -1.08381    0.384115   -0.644127    0.753746   -0.625193
  -0.854068  -0.0328614   -0.583971   -0.447694    0.273932    0.845502   -0.414284     0.27251   0.0354317   -0.442513
    0.08826   -0.502007   -0.293107    0.127202    0.769892     0.64838    0.116424  -0.0808808    0.484356    -0.55414
   0.184684    0.679743   -0.188259   -0.233105    0.034375   -0.141517    0.174136  -0.0769575  -0.0117141   -0.154482
   0.202781    0.899727   -0.822481  -0.0151826    -1.01044   -0.621526   -0.361176    0.228989    0.619626   0.0974843
    0.14113     0.43448   -0.938579    -0.25222     1.05803    -1.08825    0.604073    0.255732    0.382398   -0.723598

End of matrix C3
Matrix C4
   -0.42814   -0.298748   -0.616289   0.0667293   -0.264143   -0.111107   -0.563304  -0.0132521   -0.732921    0.455766
    0.24663   -0.376334   -0.379594    0.164234    0.178781   -0.396628   -0.233796     1.08255   -0.425697   -0.117053
   -0.18467    0.192494   -0.471607   0.0923422   -0.266442   -0.323416   -0.757136    0.402453   -0.294801    0.111452
   0.336972   -0.449269    0.571054     1.29482    0.269062    0.371343     0.61257    0.280978    0.331824    0.527506
 -0.0109371  -0.0640107    -0.65044     -0.5802   -0.212414    0.319819   -0.308037    -1.04298   -0.427113   0.0499171
   0.721031   -0.660843    0.325298    -1.20789   -0.876979    0.559236     0.69063    0.109827    0.677339    -1.29029
  -0.257171    0.683906    0.191696   -0.234187   -0.178175 -0.00345204    0.109112   -0.433022    0.248524   -0.319524
   0.340379    -0.42036   -0.405033  -0.0165478 -0.00518423   -0.109547  -0.0671961    0.336226   -0.372603  -0.0827598
  -0.400174    0.788555    0.265126    0.284501    0.295592   0.0983033    0.322519     -1.0895    0.593936    0.312993
   0.228611   -0.552553   -0.635638    0.317533    0.019375   -0.130591   -0.269919     -0.2275   -0.423486    0.372834

End of matrix C4
Matrix C5
   -1.10948    0.211248   -0.307543   -0.138651   -0.983843    0.114458    0.491034    0.620166    0.467612 -0.00986334
    1.06378   -0.700339    0.675219     0.14827    0.533041    -0.36084   -0.823214    0.389831  -0.0582688   -0.902262
  -0.185232   -0.484213   -0.341449   0.0940221   -0.704477   0.0684744    0.648952    0.261667    0.490597    0.492171
   0.547198   -0.580338    0.427326   -0.168064     -1.2489     0.92055    0.925373    0.356935   -0.318124    0.747213
-0.00843172   -0.462377   0.0424968   -0.560383   -0.466839   -0.251146    -0.68946    0.473017   -0.623551   -0.318191
  -0.268455   0.0580536   -0.259288   -0.315706   -0.165044      0.2212    0.186332   -0.194598    0.237369   -0.456035
     1.0966     0.65279    0.726356   -0.634357    0.107724    0.695119   -0.494244    0.454918  -0.0304036    0.575779
   0.145706   -0.693054    -0.41701    -1.27299    0.399687    0.103988    0.565439    -1.70991   -0.206697     1.50287
  -0.682522   -0.650636    0.129947    0.134594    0.643687   -0.446071   -0.148474   -0.126366    0.332369    0.119842
    0.55304     1.29979    -0.15968    0.866843    0.560188      0.4001    0.419612   -0.671397    0.702966   -0.185192

End of matrix C5
Matrix R
   -0.508466    -0.253654    -0.208113    -0.413975     0.406206    -0.326795    -0.054868     0.076428     -0.28087     -0.14565      1.00287    -0.729064     -0.33557    -0.886692     0.318067    -0.597525      0.13535   -0.0272995    -0.169012    -0.491361     0.208909   -0.0656836    -0.850088   -0.0512005    -0.256511    -0.828737     -1.51418    -0.310584  -0.00289863    -0.142382   -0.0731797    -0.220242   -0.0246188   0.00540584    -0.353809   -0.0503138    -0.686273    -0.849838   -0.0129199    0.0265824    -0.136089   -0.0321808    0.0170078   -0.0100284    0.0931249     0.433708     0.182789 -0.000829864     0.205219     0.225423
   -0.583741     0.483239     0.835764      0.31424     0.447469    -0.155658    0.0820045     0.999587     0.140674    -0.889183    -0.566114    -0.545094    -0.342192    -0.962917     0.233027    -0.499168    -0.855741     -1.15072    -0.867348    -0.559005     0.133145     -0.20013      1.10018    -0.646207     0.839202      -1.0317     -0.37821    -0.419419    -0.496901    -0.218994    -0.471481     0.185726  -0.00346076     0.122482   -0.0952927      0.43026   0.00116893    -0.388431      0.15498   -0.0118918     0.102745     0.086936   -0.0144178    0.0093414     0.133768    -0.544552      1.10416    -0.270411     0.112672    -0.145414
   -0.308977    -0.789851    0.0772025    -0.156307     0.796698    -0.143556    -0.627113    -0.806722    -0.514187   -0.0560484     0.321684     0.397464    -0.493514       0.2061    -0.226739     0.649895    -0.566945    -0.139352    0.0359182     0.422425     0.531875    -0.501691     0.477792       1.4971    -0.227833     0.394483    0.0478579    -0.321951    -0.220083    -0.086378    -0.196529    0.0599865    -0.236112   -0.0683919    0.0952027   -0.0799909   -0.0676524    -0.480265    -0.220284   -0.0655795   -0.0121828   -0.0358816     0.122066    0.0788927     0.154044     -0.51079    -0.753389     0.170356     0.273775     0.231457
  -0.0763187     0.830274    -0.431022     0.587155     0.399746     -0.19333    -0.310237     0.785205     0.538299    -0.958672    -0.271665     -0.63456     0.925756     0.659189      0.21171    -0.472761    0.0571717    -0.232825    -0.142585    -0.261815     0.235555    -0.834627     0.680318    -0.306058    -0.224006    -0.621429    -0.485935   -0.0335878     0.541733    0.0125909    0.0530747   -0.0324421     -0.13165   0.00448299     0.159644    -0.238361    -0.293605    -0.165156     0.144659    -0.234473    0.0223128    -0.140066  -0.00591413    -0.109798     0.089981     0.132336    -0.182414     0.355042     0.542522      1.26686
    0.368876    -0.241235    -0.600397    -0.351127     -0.28018     -0.38813    -0.315149     0.423189    -0.333318    -0.388192    -0.556902      0.49845    0.0343441     0.227196    -0.152384     0.431957    -0.780193     0.449561      0.25455     0.402069    -0.717016      -1.0506    -0.142971     0.214986    -0.577252     0.893856    -0.214576     -0.29571   0.00879181     -1.06407    -0.960248    -0.373841    0.0759549      0.11699     0.016503    -0.263875    -0.511483    -0.484064    -0.229962    -0.508573     0.105687    0.0177367    0.0104049    -0.169605    -0.141996     0.945355      1.56048    -0.285406    -0.252914     0.142577
   -0.206725      -0.2441     0.315498    -0.525684     0.356671    -0.156236    -0.435704    -0.170073    -0.032986    -0.424805     0.429108      1.01674    -0.100758    -0.528445    0.0122305       1.1583    -0.247979    -0.605879    -0.225097      1.03429     0.672653    -0.150406    -0.558212    -0.260837    -0.255788      1.04721    -0.232793   -0.0729825     -0.12776     0.228943     0.204476     0.267386  -0.00816458     0.138962   -0.0549866   0.00089205     0.375866    -0.630352     0.104042     0.281289     0.226992    0.0884401   0.00313293     0.139286   -0.0399435    -0.385673     -1.35401    0.0299922   -0.0838177    -0.104294
    0.317573    -0.637189    0.0717148   -0.0187147    0.0418047    -0.109065     0.344278   -0.0723935     0.527165     0.174315     0.500079    -0.124146     0.663487    -0.592619      0.27611   -0.0515446    -0.536888    -0.858131   -0.0135209    -0.132764     0.256164     0.186331    -0.157562    -0.438097    -0.721291    -0.584153     0.344164    -0.126253     0.320792     0.674656     0.828129    -0.039335    0.0378827   0.00542742    0.0281723   -0.0628052     0.552441    -0.273174   -0.0127766    0.0872409   -0.0978655      0.13812     0.021983    -0.366532   -0.0279756    -0.273885    0.0444531    -0.205522     0.068606     0.701402
    -1.26789   0.00202038    -0.485668      1.58937     0.526447     0.152346    -0.189871  -0.00290028    -0.578995   -0.0743922     0.585348    0.0954186    -0.487348  -0.00411229   -0.0616139   -0.0157854     0.832686    -0.404386    -0.629552     0.120619    -0.173201     0.431922     0.126976    -0.265316     0.216591     0.138985     0.481924     0.189879    -0.430687     0.181322     0.273478    0.0706474    -0.189016     0.198382   -0.0589072     0.157803    -0.428925   -0.0243897    0.0927584    0.0911524     0.120159      0.12371    -0.135807      0.05732    -0.169992    -0.442084  -0.00972067    -0.226896    -0.179053    -0.101055
    0.154068    -0.823752     0.812795     0.204895    0.0654626   -0.0484464   -0.0800803     0.856682    0.0731672     -0.26487    -0.256654    -0.322095     0.576556     0.702194     0.208544    -0.237933    -0.442464   -0.0786632      0.75775    -0.098435     0.540939    -0.482485    -0.272176    -0.420022    -0.572473    -0.219708   0.00117118    -0.521064    0.0233837     0.102683   -0.0187979    -0.320981   -0.0565956    -0.103835     0.150495    0.0320424      -0.1648    -0.551244     0.115583    0.0270646     0.141634    -0.106603   -0.0559197    0.0924058   -0.0909039     0.369371     -0.19609   0.00498112    -0.146799      0.27278
    0.366217      1.02474     0.424049    0.0211359    -0.567463   -0.0689605    -0.876918    -0.990638   -0.0278509     0.314977    0.0887607    -0.347309    -0.312008    -0.868636    -0.384307     0.106049   -0.0688855   -0.0735027    0.0980949     0.124684   -0.0898065    -0.139539     0.492716      1.15332      -0.5597    0.0245468     0.126017    0.0382522    -0.334316    -0.243966    -0.277084    -0.193619    0.0221825   -0.0175058    0.0791886    -0.339709      1.28981    0.0331243     -0.11085   -0.0510483    0.0281125     0.111333    0.0956476     0.123846    -0.145027     0.462981    -0.868691    -0.203779     0.208513      0.77229
End of matrix R
Epoch number: 2
Matrix C1
  0.353347   0.764947  -0.543259   0.870201  -0.568783   -0.47886  0.0175008  -0.432272  0.0177774  -0.259206
  0.613116   0.572018  0.0241645  -0.257727  -0.024444   0.928006   0.437945   0.633532  -0.332379  -0.509525
   0.73146  0.0625933  -0.127247  0.0770214  -0.248293   0.247561   0.554855  -0.251393   0.826694   0.648666
   0.46964  -0.267779   0.278781   0.905882   0.255857   0.430939   0.328223  -0.352997   0.403861  -0.706233
 -0.434416  -0.572274   0.470114   -0.25213  -0.186612   0.184795   0.121839 -0.0953916  -0.198911 -0.0448544
  0.454332   0.252702   0.774371  -0.839633 -0.0371283   0.691597  -0.197629    0.60604  0.0483325  -0.140538
  0.694669   0.780044 -0.0209333  -0.103486 -0.0747778  0.0947645  0.0684857   0.379745   0.479959  -0.165102
 0.0744823 -0.0863558  -0.297306   0.290545  -0.429813  0.0285908   0.250612  0.0641906  -0.377288   0.216289
 -0.109645  -0.002031   0.415869 -0.0314928  -0.186997   0.937487   0.194155   0.246354  -0.195537   0.220956
 -0.089465  -0.312701  0.0161603  -0.295964   0.347184   0.336924  -0.116374  -0.716721   0.441528  -0.433428

End of matrix C1
Matrix C2
  -0.404919    -1.29135    0.538635   -0.754541   -0.358971     1.36803    0.195122   -0.439623    0.521934    0.462199
  -0.177869    -0.22894   -0.610401   0.0754128    0.367319    -0.62368   -0.196806 -0.00960558   -0.182962    0.431143
  -0.619196     1.35376   -0.519806    0.251777   -0.214895   -0.108626   -0.400864     0.26573   -0.827788    0.098266
  -0.596514   -0.490093     0.19303   -0.461837   -0.401232    0.256015   0.0141546   -0.389017   -0.767532    0.119066
   0.200605   -0.482068   -0.108675    0.155934    0.575428   -0.114178    -0.19114    0.103593   0.0696102  -0.0442869
   0.381278    0.161436   -0.211037     0.71292  -0.0691262   -0.407127  -0.0260812   -0.373824    0.644588    0.315411
    -1.3633   -0.864537   -0.236531  -0.0312691     1.62502   -0.205522   -0.625326    -1.11966   -0.355097    0.795203
   0.312207   -0.272602    0.570635   -0.498946     1.43546   -0.253197   -0.245286  0.00623988  -0.0359836   -0.724493
    0.31398    0.128791   -0.142428   -0.294297  -0.0293984   -0.270841   -0.468362  -0.0629018    0.427473   0.0477131
   0.194809   0.0554705   -0.433003    0.393628   -0.895239   -0.260554    0.197575   -0.150604    0.374319    0.673697

End of matrix C2
Matrix C3
   -0.633863   -0.0538149     0.288471    0.0215492      0.13758   -0.0821506    -0.188525     0.403373      -0.2167    -0.250702
    0.117871     0.905264    0.0409917    -0.831266    -0.561039    -0.169235    -0.177838     0.163141    -0.328351    -0.257885
    0.042948    -0.636226    -0.591891     0.271066     0.439775     0.392973     0.404054    -0.531213     0.625651     -1.34483
    -0.66761    -0.280438     -1.08781     -0.19366    -0.403534     -1.17048    -0.333126    -0.124818    0.0256772   -0.0990655
-0.000452235     0.288774     -1.37637      0.38434     0.158777     -0.89559     0.449529    -0.705458     0.691533    -0.634923
   -0.928709    -0.135823    -0.770002    -0.207468    0.0237045      1.04458    -0.525728     0.242931    0.0294267    -0.518969
    0.246845    -0.389615    -0.274154     0.267526     0.822181     0.758436      0.11002    -0.105508     0.502291    -0.483642
    0.129415     0.541821    -0.331482    -0.302546     0.100844   -0.0844589     0.204985   -0.0569453   -0.0152368    -0.217421
    0.230646     0.935409    -0.756207   -0.0949642    -0.976115     -0.49043    -0.407703     0.157416     0.717014    0.0463542
    0.150801     0.375238    -0.957046    -0.164851      1.02257     -1.10486     0.724182     0.308504     0.259937    -0.706656

End of matrix C3
Matrix C4
 -0.248483  -0.288815  -0.657273   0.144083   -0.30983   0.225449  -0.785216  -0.104653  -0.755466   0.576015
   0.24904  -0.297303  -0.488511  0.0640058   0.473587  -0.355698  -0.552475    1.50133  -0.393738   0.194411
 0.0818354   0.374373  -0.354658  -0.326975  0.0405933  -0.253232  -0.965295   0.554802  -0.138096   0.165208
  0.501858  -0.521125   0.649022    1.20893   0.359842     0.3493   0.541326   0.442345   0.549227   0.466368
-0.0638153 -0.0877246  -0.662318  -0.445423  -0.361527   0.358434  -0.355729    -1.0866  -0.462961   0.280424
   0.89886  -0.897726   0.536238   -1.17405  -0.899811   0.429348   0.631961   0.153519    0.61674   -1.34095
 -0.287694   0.620006   0.287306  -0.351062  -0.254661  -0.120846   0.170995  -0.556808   0.405202  -0.381533
  0.438514  -0.527507  -0.328835 -0.0847851 -0.0155759 -0.0874407  -0.088911   0.417207   -0.32298  0.0104401
 -0.437947   0.892853   0.229254   0.282173   0.319401 -0.0557599   0.221668    -1.0855    0.86024   0.275441
 0.0733724  -0.357301  -0.828682   0.415279   0.132014 -0.0597429  -0.391769  0.0142171   -0.44258   0.538806

End of matrix C4
Matrix C5
   -1.32455    0.421326   -0.571143   -0.315876   -0.834492     0.16324     0.37486    0.855929    0.651016   0.0291765
   0.966279   -0.700485    0.612835    0.296338    0.400508   -0.260759   -0.787459    0.391787   -0.166844   -0.976702
 -0.0642974   -0.639343   -0.331644    0.248989   -0.604118   -0.200904    0.924935    0.339948    0.463013    0.514933
   0.527511   -0.483209    0.153163   -0.295517   -0.974227    0.931657    0.898333    0.365623   -0.249708    0.583266
   0.192917   -0.446321   -0.141122   -0.657703   -0.566321   -0.411331   -0.603743    0.552808   -0.563857   -0.222846
  -0.479378    0.397164    -0.29085   -0.572053   0.0654958   0.0570949   0.0343703 -0.00704413    0.486969   -0.337623
    1.27648    0.716841    0.678398   -0.695112    0.252281    0.856585   -0.360663       0.546   -0.151367    0.552699
  0.0827232   -0.745267   -0.347011    -1.26958    0.613148   0.0470171    0.653274    -1.57534   -0.233869     1.52965
  -0.434535   -0.642684   -0.172742    0.139541    0.647838   -0.228603  -0.0340912   -0.144568    0.481344     0.07295
   0.372957      1.4304   -0.126998    0.754093    0.619128    0.624909    0.383086   -0.595995    0.687457 -0.00766815

End of matrix C5
Matrix R
  -0.567142    -0.31584   -0.112619   -0.354438    0.387848   -0.446958   -0.166529    0.148772   -0.499365   -0.196018     1.07094   -0.653515   -0.303165   -0.994531    0.431122   -0.581889   0.0770335  -0.0820703  -0.0516754   -0.498473    0.428832  -0.0700087   -0.858768   -0.278063   -0.404697   -0.644087    -1.64869   -0.268375  -0.0537412   -0.241062  -0.0631868   -0.297673    -0.11323  -0.0835099   -0.469429   -0.168309    -0.81182   -0.915501  0.00162112  -0.0612859   -0.136821  -0.0433412   0.0748294  -0.0102967   0.0155645     0.49883    0.322644 -0.00695253    0.127439    0.148005
   -0.50676    0.496125    0.901668    0.331349    0.481074   -0.218176   -0.172763     1.22687    0.410345   -0.774961   -0.559994   -0.562952   -0.401341   -0.973357    0.234533   -0.406516   -0.863069    -1.05201   -0.757043   -0.502947   0.0436169   -0.164276    0.892826    -0.54956    0.799635   -0.836998  -0.0687793   -0.529184   -0.540803   -0.388214     -0.7591    0.270053  -0.0954965    0.112396   -0.206206    0.587333  -0.0371049   -0.333479    0.202069   0.0075318     0.11216   0.0869456   0.0543402   0.0498696   0.0791686   -0.795826     1.27109   -0.209771    0.159356   -0.131187
  -0.226561   -0.831488   0.0837492   -0.248786    0.816078   -0.267433   -0.613776    -1.18223   -0.619016   0.0188985    0.381143    0.393105   -0.315138   0.0840734    -0.29592    0.459547   -0.556658  -0.0483005 -0.00924337    0.435943    0.636642   -0.788209    0.512241     1.50129   -0.187419    0.469165    0.193557   -0.554329   -0.407426   -0.109487  -0.0569916    0.210785   -0.269354   -0.240514   0.0192154  -0.0695197   -0.156733   -0.430201   -0.264345  -0.0869785  -0.0231825  -0.0518286   0.0994684   0.0384418   0.0488959   -0.553605   -0.701089    0.115022    0.207118    0.234033
 -0.0813851    0.760117   -0.357024     0.51369    0.341234   -0.303663   -0.328791    0.926585    0.905663   -0.933847   -0.075073   -0.492586    0.931368    0.678686    0.432476   -0.470283   0.0487111   -0.253477   -0.134157   -0.188272    0.187077   -0.854824     1.00207   -0.311966  -0.0927106   -0.605996   -0.662405    0.214786    0.667627   -0.173918    0.257445   -0.269385   -0.137274 -0.00117057    0.242518   -0.335719   -0.212596    -0.24554   0.0712777   -0.408331   0.0206521   -0.112163     0.02204   -0.080098    0.119683 -0.00892766   -0.319278    0.432609    0.516246      1.3077
   0.322037   -0.292356   -0.597092   -0.388149   -0.318151     -0.3681   -0.642362    0.676148   -0.225932   -0.223387   -0.542566    0.525208    -0.12368   0.0375336   0.0652182    0.483254    -0.86893    0.474234    0.395861     0.48256   -0.823008    -1.00002   -0.199642    0.190943   -0.536934    0.957023  -0.0170492   -0.446824  -0.0166571    -1.20097     -1.1055   -0.449252   0.0335941 -0.00625059   0.0650113    -0.36515   -0.715487   -0.677319   -0.194861    -0.88102   0.0989864 -0.00916231  -0.0108863   -0.241559    -0.11533       0.809      1.6888   -0.273521   -0.176931    0.217155
  -0.193177   -0.244217    0.169632   -0.407292    0.332647   -0.160444   -0.835476   0.0076342  -0.0412927   -0.636168    0.421189     1.03639   -0.265682   -0.443795   -0.111395     1.21393   -0.259877   -0.662059   -0.112208     1.04493    0.665886    0.220575   -0.716981   -0.322485   -0.244053     1.02882    -0.25723   -0.145176   -0.117407    0.172831    0.168903    0.124218  -0.0382403   0.0190355  -0.0540199   -0.108526    0.503256   -0.806053    0.122228    0.437149    0.231795   0.0884454  -0.0450645    0.136998  -0.0553207    -0.78446    -1.63652 -0.00249508 -0.00586718   -0.118246
   0.139815   -0.500559   0.0251552 -0.00589545  -0.0104288   -0.204932     0.31598    -0.23242    0.499518    0.258179    0.211701   -0.117978    0.831445    -0.58598    0.472471  -0.0899688   -0.517371   -0.787689   0.0180911   -0.094361    0.353124    0.141774  -0.0905222   -0.521377   -0.626865   -0.552061    0.277666   -0.306755    0.511902    0.914132     1.31044   0.0295498   0.0330793   -0.130734   0.0406483  -0.0225016    0.611892   -0.374591  -0.0909695    0.199981   -0.101183    0.143911  0.00811305   -0.361155 -0.00414421   -0.125808    0.281725   -0.213487    0.176663    0.657209
    -1.1412  -0.0120263    -0.39528     1.59703    0.451226    0.449506   -0.233035    0.177113   -0.961697    0.114783    0.657456     0.11871   -0.497437    -0.19345  -0.0479593  -0.0131677    0.798981   -0.467444   -0.675689    0.100126   -0.309279    0.386705  -0.0613832   -0.308014    0.215235   0.0494326    0.417995    0.261158   -0.376241  -0.0398022    0.142279    0.150049   -0.200763    0.231529   -0.111376    0.155889   -0.349487   -0.124244   0.0883243   0.0625147    0.114583     0.11215   -0.113342   0.0729369     -0.1715   -0.696624    0.184077   -0.224659   -0.258196  -0.0632573
   0.232549   -0.820411    0.829483     0.30031    0.111633  0.00725287  -0.0427364    0.803203    0.154959    -0.18525   -0.114414   -0.401394    0.721284    0.662539    0.467871   -0.178978   -0.171748  -0.0682535     1.05571   -0.124146    0.559725   -0.553878   -0.393845   -0.407786   -0.570096   -0.123465    0.208091   -0.652385    0.175875   -0.198805   -0.237372   -0.379805  -0.0647895   -0.117545   0.0856764  -0.0712656   -0.333959   -0.618711    0.228766   0.0847497    0.153905   -0.112012  -0.0331982    0.108436   -0.113055    0.387647   -0.250975  -0.0254224  -0.0965649    0.245315
   0.313043    0.978535    0.309396    0.146222   -0.647054  -0.0324498     -1.1393    -1.07965   0.0934322    0.234077   0.0263151    -0.18868   -0.222781   -0.893876   -0.722285     0.13999  -0.0436513    -0.12822    0.254358    0.246975   -0.106186   0.0138134    0.534342     1.11399   -0.492494  -0.0601482    0.122401   0.0912327   -0.370058   -0.401219   -0.294242   -0.274414    0.152501   0.0369038    0.165072   -0.343041     1.52352   0.0562771   -0.141115   -0.169948   0.0251837    0.144093   0.0744501     0.11437   -0.164101    0.468801   -0.845888   -0.211203    0.287232    0.821977
End of matrix R
