Epoch number: 1
Matrix C1
   0.102026    0.693313   -0.426797    0.709885   -0.620482   -0.234469    0.119687 -0.00744324    0.131649   -0.389487
   0.277792    0.488162   -0.120484   -0.536142   0.0993457    0.261729   -0.103189    0.522359   -0.616711   -0.604712
  0.0740126    0.192639   -0.127428    0.176797   -0.151727   0.0618717    0.558906    -0.38124    0.407797    0.422426
    0.35722     -0.7995    0.302532    0.629949   0.0675983    0.189876    0.151666   -0.250821    0.129935   -0.271249
  -0.438896   -0.477236    0.318855   -0.446825    0.121927    0.365539  -0.0764912   0.0530201   -0.428239   -0.227924
    0.11647    0.473181    0.642999   -0.681697   -0.201667    0.824861   0.0250343    0.470697   0.0934842  -0.0818098
   0.738138    0.699338 -0.00777397    0.374259   -0.138833   0.0921152    0.250147    0.514112    0.448439   -0.137303
  0.0359828    0.301781   -0.339116   -0.164874  -0.0661855   -0.184091   -0.019426    0.048335   -0.278431    0.247324
   0.351074    0.146502    0.325443  -0.0500889  0.00506414    0.580965    0.132193  -0.0167898   0.0589071  -0.0461205
  -0.267784   -0.113442    0.174393   -0.398298     0.51168      0.1007   -0.107496   -0.395802    0.303629  -0.0692796

End of matrix C1
Matrix C2
 -0.171903   -1.25336    0.77703  -0.861972   0.295633   0.884446   0.330358  -0.349064    0.61141   0.139492
  0.252565  -0.085155  -0.367124   -0.14351   0.366032   -0.55849 -0.0337546  -0.205147   0.100349  0.0205185
  -0.57399   0.928341   -0.64024   0.303573  -0.379795   -0.29514  -0.113777   0.124783  -0.211239 -0.0171131
 -0.214015  -0.398064   -0.18691 -0.0294374 -0.0154224  -0.079553   0.094116  -0.141074  -0.174698   0.332223
  0.247561  -0.478652  -0.281037  0.0643674   0.614862  0.0906791 -0.0207406 -0.0189042   0.107412 -0.0442827
 0.0221849   0.350161   0.182602   0.205589  -0.184446  -0.270666 -0.0287263  -0.432602   0.486949  -0.119396
  -1.13403   -0.62073  -0.241256  -0.221161    2.05211  -0.412769  -0.832907  -0.927701  -0.389645   0.835098
  0.185081  -0.644987   0.141082  -0.142531    0.88568   0.170371  -0.352347  -0.225568  -0.365624  -0.524229
  0.128456   0.198139  -0.341543 -0.0453801  0.0122882  -0.281111  -0.449071  -0.274677  0.0134681   0.118191
  0.306985   0.588079  -0.224223   0.361895   -0.46414  -0.118601   0.137779 -0.0629092   0.575083   0.277763

End of matrix C2
Matrix C3
   -0.55133 -0.00800259    0.295197   -0.146219   -0.190619   0.0528626   -0.354365    0.204239   -0.298231   -0.261459
 -0.0026403     1.18766   -0.105148   -0.788476  -0.0500223    0.326181  -0.0910101  -0.0768897   -0.570213   -0.572333
   0.217197   -0.337936   -0.488166    0.610897    0.272871    0.300884    0.254352   -0.292332    0.538154   -0.899172
  -0.759347  -0.0518659    -1.27855    0.170091   -0.628122    -0.92938   -0.188492   -0.120794  -0.0551742   -0.065463
  -0.252078    0.486346    -1.03853    0.397102    0.477292   -0.858792    0.185681   -0.425424    0.469478   -0.468797
  -0.534119    0.118378  -0.0716161   -0.693715    0.885836    0.818791   -0.483702    0.442324 -0.00405207   -0.521888
   0.139157   -0.503307  -0.0744744    0.203514    0.546834    0.363163 -0.00177319   0.0335229    0.355979   -0.455921
  0.0399814    0.464992   -0.234524     -0.1036    0.414021  -0.0406681    0.198171      -0.175   0.0619533   -0.354505
  -0.141574    0.987027   -0.312557    0.396422    -1.09232    -0.49032   -0.224746    0.365499    0.447525    0.392041
   0.364779    0.370696    -1.04241   -0.212151     1.28018   -0.806604     0.52069    0.117845    0.499521    -0.84038

End of matrix C3
Matrix C4
    -0.65651  -0.00686224    -0.366658     0.161677      0.12443    -0.431351    -0.374237     0.164593    -0.567197     0.628428
   -0.113027    -0.411446    -0.160707     0.238671     -0.13141    -0.804586    -0.230326      0.92641    -0.457763    -0.240325
     -0.6797     0.204131    -0.584296     0.218745    -0.346131    -0.506144    -0.787065     0.352725    -0.549203    -0.389185
    0.423703     -0.57213     0.447021     0.963785     0.107196     0.239199     0.529783     0.520215       0.1861     0.438323
     0.11804    0.0443363    -0.531573    -0.461439   -0.0383626     0.437651   -0.0172258    -0.951553    -0.124345    0.0855614
    0.153102    -0.456295     0.325723    -0.918624    -0.900853     0.815608      0.63021     0.158319      0.81791     -1.29191
   -0.240744     0.413793     0.274381   -0.0226117    -0.130868       0.1176     0.154194    -0.239268     0.274515    -0.312289
    0.360314    -0.246685    -0.437292    -0.120432   -0.0605845       -0.261   -0.0736874      0.16972    -0.426325   -0.0182604
     -0.3976     0.570953      0.20589     0.216587     0.310336     0.192811     0.411725      -0.7946     0.641304   -0.0207394
    0.157747     -0.11295    -0.732118 -0.000612881   0.00278089   -0.0494587   -0.0456384    -0.616259    -0.264157     0.214999

End of matrix C4
Matrix C5
  -0.828029    0.161254   -0.299599  -0.0859313   -0.941714    0.181445    0.140434    0.305303    0.375094   -0.284034
     1.0929   -0.582053    0.620947    0.129092    0.848722    -0.69025   -0.719882    0.443839  -0.0809694   -0.442376
  -0.462814  -0.0726459  -0.0765782   -0.138975   -0.794258    0.256828    0.184734    0.233758    0.276862    0.420839
   0.309109  -0.0772494    0.629182  -0.0168721    -1.01799    0.950065     1.02088  -0.0118116   -0.351384    0.433925
 -0.0108238   -0.969911 -0.00701268   -0.701226   -0.400227  -0.0995436   -0.545309    0.775598   -0.793108   -0.354658
  -0.226624   -0.219112    -0.29551   -0.484704   -0.221372    0.262398    0.148685  -0.0741153    0.319755   -0.234736
   0.824931    0.689884    0.770558   -0.704164   -0.205656    0.719867   -0.320598    0.500135   -0.135141    0.111247
   0.164767   -0.428816   -0.574264    -1.29939    0.396342    0.409924    0.357747     -1.8652   -0.277698     1.41165
  -0.817294   -0.924831    0.690404     0.31027    0.437106    -0.44729  -0.0215226   -0.393886    0.326156    0.574841
   0.873103     1.28921   -0.127046    0.912068    0.770603   -0.165894    0.369684    -0.38519    0.734799   -0.266837

End of matrix C5
Matrix R
  -0.362122   -0.478945   -0.294009   -0.419414    0.555871   -0.314422   -0.138999  0.00452866   -0.121962   -0.264536     1.05741   -0.439218   -0.200536   -0.597794    0.279213   -0.329145 -0.00939691   -0.172904  0.00517727   -0.393883   0.0617791   -0.371338    -1.01937  -0.0909823   -0.338999   -0.536807    -1.36249   -0.329135  0.00630564   -0.287882   -0.247629   -0.177272   0.0404166   0.0401745   -0.275565  -0.0999908   -0.629209   -0.691939  -0.0463972   0.0458018   -0.137114  -0.0120985  -0.0216236 -0.00314414    0.119929    0.446705    0.125114    0.195967    0.194175    0.317852
  -0.586269    0.619211    0.916197   0.0859637    0.263242  -0.0833859     0.26234    0.735402     0.25737   -0.667609   -0.266076   -0.752745   -0.323216    -1.11068    0.203196   -0.631749   -0.752386    -1.29405   -0.869649   -0.627544     0.30628   -0.134002    0.927376   -0.745554    0.772331   -0.964432   -0.721456   -0.271692   -0.410846   -0.131806   -0.266873    0.200984    0.039966    0.102503   -0.079856    0.308997    0.215292    -0.50275    0.151663   0.0654815    0.100248    0.101497  -0.0516767   0.0139825    0.158106    -0.17185     1.14441     -0.3442      0.1399   -0.307764
  -0.117403    -0.67495    0.116738    0.241544    0.809936  -0.0465128    -0.53636    -0.78792   -0.262847   -0.475828    0.309215    0.293305   -0.643195    0.351769   -0.132205    0.725314   -0.354868   -0.299455  -0.0863989      0.6087    0.524244   -0.224113    0.271204       1.478   -0.453591    0.382128   0.0219655   -0.208145  -0.0299683  -0.0558629   -0.202036   0.0230512   -0.212522 -0.00789619    0.161527 -0.00608491   0.0795629    -0.44455   -0.184213 -0.00419726  -0.0129516   -0.030317    0.125599   0.0889214    0.196887   -0.462645   -0.995673   0.0488928    0.481373    0.293982
   0.337422    0.825485   -0.408727    0.494485    0.433102    -0.05419   -0.203475      1.0986     0.43822   -0.813242   -0.441854    -0.72346    0.948923    0.850965    0.157666   -0.549023   0.0514697  -0.0853982   0.0144919   -0.574192    0.101394    -0.85266    0.574032   -0.493058   -0.197623   -0.771947   -0.431993  0.00916834    0.453697     0.11808    -0.03886   0.0654289  -0.0706733   0.0512037    0.112964   -0.129715   -0.278672  -0.0078963     0.17613   -0.117245   0.0187759   -0.140483  -0.0180654   -0.123176    0.115488    0.160067   -0.262068    0.425833    0.673614     1.10946
   0.412337   -0.323118   -0.611925    -0.74874   -0.608834   -0.389061   -0.181708   -0.104918   -0.285491   -0.565463   -0.728197    0.690836  -0.0286481    0.347678   -0.286567    0.525974   -0.767584    0.262292    0.251505     0.48472    -0.46958    -1.18459   -0.206953    -0.12041   -0.891762     1.10676   -0.370018   -0.273463   -0.134362    -0.98142   -0.995737   -0.446729   0.0761872    0.104725  -0.0209374   -0.433294   -0.441122   -0.530199   -0.209204   -0.242451    0.114427     0.01143    0.039881   -0.164097    -0.17728    0.800296      1.3531   -0.281136    -0.48912  0.00802507
   -0.18769   -0.273013    0.511527   -0.712162    0.411725  -0.0949369  -0.0556168   -0.605513   0.0856246    0.108086    0.878478    0.873214   -0.049814   -0.723484   0.0798376     1.01332   -0.368425   -0.554077   -0.287703    0.904937    0.704489   -0.263686   -0.541816    0.104717   -0.148637    0.742376    0.109645  -0.0289811   -0.151898    0.269738    0.208122    0.315322  0.00944457    0.150751  -0.0481625   0.0983645    0.500666   -0.372032     0.06644    0.204897     0.22613   0.0934805  0.00852754    0.145969  -0.0407598   -0.226935   -0.957898   -0.070084    0.078061   -0.406978
   0.341933   -0.675779    0.184955   -0.208236    0.167822 -0.00385583    0.388086   -0.131683    0.585671    0.127931    0.676965    -0.27344    0.766124   -0.399253    0.266863 -0.00208513   -0.414535    -0.63348    0.142654   -0.146779    0.184584    0.114162  -0.0532318   -0.490754   -0.659269   -0.479703  -0.0977236  -0.0312578    0.328714    0.408303    0.574027  -0.0159982   0.0404914    0.043209  0.00679811   0.0398579    0.391991  -0.0687631 -0.00195839   0.0633316  -0.0998304    0.140609   0.0146507   -0.368202  -0.0215879   -0.176363   0.0767908   -0.148151    0.237543     0.59585
   -1.22778   0.0853083   -0.575933     1.45037    0.763566   0.0670831  -0.0299189    0.386682   -0.369214   -0.648331    0.157446    0.110832   -0.413494   0.0856406  -0.0425946  -0.0265692     1.01746   -0.298843   -0.487177   0.0921912   -0.027249    0.333984    0.326173   -0.286642    0.106474     0.21603    0.309719    0.136635   -0.344619    0.307872     0.34912    0.124142   -0.163708    0.210627  -0.0460441    0.127239   -0.421327   -0.142566   0.0886549   0.0963559    0.117482    0.133922   -0.160022   0.0514949   -0.155987   -0.459355   -0.227496   -0.353934   -0.245509    0.290743
  0.0323444    -1.03187     1.00505    0.253815  0.00939299   0.0441959  -0.0707608    0.989225    0.056795   -0.348856  -0.0301859   -0.105892    0.820158    0.550367     0.07954   -0.167495   -0.452697   -0.163359    0.541471  -0.0503061      0.6093   -0.438513  -0.0536261   -0.440549   -0.568512   -0.453559   -0.258143   -0.313328    0.104335    0.137089 -0.00340401   -0.213773  -0.0347709  -0.0739154     0.14739    0.130429    0.127038   -0.426476    0.116829   0.0832138    0.139824   -0.103304  -0.0652077   0.0923515  -0.0880695    0.260007   -0.159126   0.0714188   0.0205436   0.0906385
   0.358577     1.14589    0.315941   -0.206582   -0.756197   0.0894966   -0.465119    -1.02293    0.039173    0.315085    0.250319   -0.422443   -0.167606   -0.489103   -0.112864   -0.249107   -0.181286    0.329999    0.308615   -0.243204   -0.212452  -0.0779655     0.58115     1.02448   -0.815403   -0.244351    0.133474    0.176284  -0.0748911    -0.14451    -0.12654   -0.123327  -0.0190971  0.00592551    0.139469   -0.286235    0.816679   0.0954896  -0.0730098   0.0510088   0.0245315    0.104485    0.115727    0.127824  -0.0853737    0.253688    -0.74609 -0.00558549    0.276849    0.870833
End of matrix R
Epoch number: 2
Matrix C1
   0.160084    0.895787   -0.468342    0.854652   -0.537516   -0.278852 -0.00898651  -0.0393176  -0.0157212   -0.285148
   0.199328    0.535408  -0.0471737   -0.545835    0.201319    0.544839    0.228864    0.547365   -0.738978   -0.514538
    0.24973     0.30979   -0.129639    0.188139  0.00708805   0.0834157    0.621573   -0.332563    0.601846    0.427897
   0.512571   -0.832378    0.402948    0.820194    0.228553    0.504496    0.239107   -0.337136    0.367714   -0.732459
  -0.446233   -0.391872    0.494015     -0.5105   -0.208179    0.485875   -0.111432   -0.119833    -0.45662   -0.276408
   0.297882    0.676406    0.752192   -0.850202     -0.3744    0.670208   -0.194185    0.559247  0.00571678 -0.00538992
    0.85157    0.727873   -0.130001    0.313403   -0.251212   0.0375091     0.20877    0.523427     0.47975   -0.212652
   0.050041    0.293722   -0.395752  -0.0693162   -0.118848   -0.125177    0.252837    0.110515   -0.284749    0.278189
  0.0825833    0.165482    0.423927   0.0408408    0.029238    0.827409    0.437633     0.17036   0.0923848  -0.0249922
  -0.241851   -0.040293     0.15269   -0.454761    0.440181    0.202393   -0.357774   -0.484549    0.206948   -0.148895

End of matrix C1
Matrix C2
 -0.305064   -1.32653   0.770385  -0.978536   0.172628    1.12472    0.38422  -0.129723   0.749813    0.24431
  0.441859  -0.163224  -0.597378  0.0172001   0.471433  -0.848532 -0.0116156 -0.0408479   0.179761   0.220934
 -0.562978   0.869599  -0.508313   0.497564   -0.31613  -0.268793  -0.186114   0.138506  -0.291772  0.0510818
  -0.35766   -0.51251  -0.277153  -0.196655  0.0399835  -0.190277   0.284672 -0.0310878  -0.280612   0.525894
  0.553861  -0.654741    -0.2744   0.252459   0.587844 -0.0626458  -0.231333  -0.150945   0.231082  0.0465273
 0.0669932   0.446531   0.250828   0.391267 -0.0537473  -0.180403  -0.155668  -0.385676    0.44443 -0.0824757
  -1.28679  -0.576715  -0.209587  -0.169343     2.1268  -0.466266   -0.71325   -0.90171  -0.509045   0.963478
  0.317063  -0.647268   0.367594 -0.0723803   0.930513  -0.060604  -0.505469  -0.430973  -0.502936  -0.709757
    0.2373   0.147719    -0.5029  -0.194918  0.0260851  -0.398554  -0.649406  -0.270154   0.190892  0.0215934
  0.244201   0.432999  -0.122383   0.285518  -0.492721 -0.0331633  0.0176283  0.0335775   0.685045   0.492887

End of matrix C2
Matrix C3
  -0.516256  -0.0914491    0.296173   -0.151276   -0.133558 -0.00808981   -0.241965    0.215919   -0.292692   -0.274473
  -0.135611     1.07773  -0.0966558   -0.871237   -0.202575    0.205207   -0.249264  -0.0550005    -0.31323   -0.504351
   0.168197   -0.556648   -0.522147    0.736265    0.332748    0.115717    0.431878   -0.364434    0.516204    -1.08096
  -0.810899  -0.0604014     -1.3572   0.0678192   -0.921245   -0.990894   -0.233224   -0.261669   0.0543878  -0.0185866
  -0.241725    0.299428    -1.27081    0.373222     0.46861   -0.768965    0.374998   -0.290424    0.601964   -0.501347
   -0.68122  -0.0128407   -0.402586   -0.648361    0.827751     1.10249   -0.491774    0.604658     0.14332     -0.5613
   0.279711   -0.403503   -0.149034    0.269782    0.510569    0.447585   -0.124489 -0.00583863    0.469805   -0.449377
  0.0484169    0.447668   -0.341908   -0.194285    0.479964  -0.0540549    0.265863  -0.0854197   0.0422008   -0.363026
  -0.131312    0.911228   -0.336694    0.316766    -1.18702   -0.441362   -0.370745    0.196348    0.702609    0.315477
   0.308012    0.337041    -1.10565   -0.319549     1.37028   -0.971395     0.87187    0.219336    0.439485   -0.945838

End of matrix C3
Matrix C4
  -0.551974   0.0959505    -0.45022    0.326429    0.187756    -0.20267   -0.421669    0.156195   -0.703822    0.615865
  -0.286934   -0.507628   -0.519028      0.1281    -0.17584    -0.83257   -0.262289      1.3754   -0.460557  -0.0726225
  -0.643715    0.324922   -0.643131   0.0294671   -0.315042    -0.62759    -1.10962    0.525702   -0.645006    -0.34112
   0.404311   -0.800373    0.292938     1.02344    0.176127     0.32223    0.396141    0.684902    0.227038     0.47795
   0.167604  -0.0719228   -0.737171   -0.250408   -0.065471     0.61242   -0.106499    -0.87191   -0.215151    0.316705
   0.456144   -0.615835    0.279315    -0.92039    -0.95122    0.732469    0.613049   0.0859002    0.783646     -1.3503
  -0.204096     0.49289    0.350863   -0.139083  -0.0927356   0.0409485    0.140477   -0.404201    0.350976   -0.408533
   0.316442   -0.288904   -0.506117  -0.0286574  -0.0795585   -0.132092   -0.114763    0.223877   -0.373385  0.00166874
  -0.358226    0.657413    0.365395    0.227767    0.317024    0.100871   0.0849172   -0.983525    0.587948    0.109899
 -0.0166176  -0.0129706   -0.925947    0.152859   0.0235039    0.155513 -0.00281299   -0.510116   -0.250105    0.303039

End of matrix C4
Matrix C5
   -0.97945    0.353956   -0.521028   -0.151381   -0.941991    0.210345    0.274941    0.336227     0.35192   -0.378018
    1.04246   -0.454712    0.601129    0.136221    0.945086   -0.873996   -0.658593    0.473773  -0.0443603   -0.459043
  -0.655684  -0.0525929  -0.0904694   -0.163253   -0.753937    0.177777    0.352698    0.301336    0.408334    0.448561
   0.295438    0.140512    0.314752   -0.285711   -0.773723    0.961119     1.13776   0.0869753    -0.42385    0.342745
  0.0088481   -0.888279   -0.197236   -0.788599   -0.487796   -0.203392   -0.734415    0.739529   -0.817053   -0.398149
  -0.168445 -0.00320471   -0.304372   -0.575169   -0.224427   0.0239574     0.25147  -0.0910251    0.375348   -0.321624
    1.06659    0.707157    0.739569   -0.796487   -0.133865    0.717424   -0.139596    0.699298   -0.195562    0.240249
   0.246293   -0.418556   -0.638802    -1.38369     0.40316    0.258428    0.244736    -1.96017   -0.309531     1.44364
  -0.879698   -0.958778     0.53694    0.215417    0.601714   -0.372734    0.166597   -0.187609    0.483137    0.778487
   0.876847      1.4372   -0.163722    0.843787    0.726373    -0.15929    0.304992   -0.468678    0.803377   -0.253984

End of matrix C5
Matrix R
  -0.360844   -0.489771   -0.101384   -0.406897    0.490419     -0.5056   -0.194322   0.0674566   -0.387345   -0.225062     1.07099   -0.432542   -0.122237   -0.742196    0.495641    -0.37954  -0.0887183  -0.0742472    0.117846   -0.391594    0.122827   -0.566179    -0.92327  0.00941487    -0.33305   -0.611569    -1.28246   -0.358732  0.00427692   -0.375523  -0.0577486   -0.298254  -0.0537594  -0.0596229    -0.36342   -0.259319     -1.0952   -0.766388  -0.0703592  -0.0526733   -0.137677  -0.0173188   0.0294871 -0.00610751   0.0720903    0.787631    0.262212    0.251881      0.2344    0.276862
  -0.563808    0.655506    0.872062    0.179368    0.274665   -0.170536    0.129019    0.864747    0.439451   -0.646809   -0.192694   -0.730776   -0.454569    -1.12509    0.149255   -0.597833   -0.769061    -1.22903   -0.820922   -0.617857    0.224076   0.0790511    0.997334   -0.680044    0.663819   -0.917665   -0.905586    -0.49482    -0.55565   -0.393262   -0.753427    0.183284  0.00515685   0.0970779    -0.18428    0.518858    0.251484   -0.485972    0.196655   0.0638486    0.108445   0.0971261  -0.0150584   0.0393156    0.133738   -0.367402      1.0936   -0.325065     0.14871   -0.295481
  -0.137547   -0.778342   0.0225286    0.291992    0.822963   -0.228002   -0.777091   -0.876698   -0.447237   -0.146744    0.536908    0.373991    -0.47348    0.199553   -0.224659    0.640874   -0.506768   -0.197014   -0.051845    0.619546    0.558248   -0.474538    0.606853     1.50548   -0.262129    0.426568    0.143451   -0.344801   -0.276218   -0.221474   -0.419898    0.160287   -0.219212   -0.108774    0.137522   0.0240434    0.187723   -0.658995   -0.187757  -0.0675286  -0.0150676  -0.0353794    0.113259    0.080191    0.159905   -0.830214    -0.87501   0.0225061    0.531384    0.290205
   0.331151       0.791    -0.33769    0.527505    0.283473   -0.204821   -0.271715      1.2798    0.678439   -0.894717   -0.258731   -0.639143     1.14708    0.825447    0.372202   -0.434148   0.0662563  -0.0280153   0.0132447   -0.353871    0.144342    -1.16082    0.690594   -0.556449  0.00815178   -0.615987   -0.510199    0.195331    0.663077    -0.11126   0.0688709  -0.0123364  -0.0456211    0.104017    0.194225   -0.138883   -0.406656  0.00638698    0.166065   -0.299978   0.0198349   -0.120306  0.00356915   -0.114702    0.144545    0.118194   -0.386008    0.515749     0.65467     1.22643
   0.410236   -0.271168   -0.617244   -0.770528   -0.573391   -0.489506   -0.333342   0.0207494   -0.173933   -0.627446   -0.655435    0.714576   -0.194039    0.374568    -0.19933    0.682227   -0.837241    0.237124     0.34056    0.628002   -0.476307   -0.941581   -0.110076   -0.130745   -0.803986      1.1057   -0.322995   -0.409293  -0.0698179    -1.02969    -0.94712    -0.53569   0.0735758  -0.0353047   0.0420484   -0.507904   -0.476456   -0.692613   -0.233252   -0.511401    0.110717 -0.00579884  -0.0133311   -0.211304   -0.171376    0.875761     1.46214   -0.264894   -0.401447    0.153293
 -0.0364657    -0.14531    0.465401   -0.660148    0.315964   -0.115952   -0.163501   -0.762123   0.0278976   -0.158699    0.853845    0.920402  -0.0340109   -0.662154  -0.0581001     1.12728   -0.201187   -0.615928   -0.407758    0.996044    0.884434   -0.186341   -0.661389   -0.172023  -0.0183076    0.816022   -0.276898   -0.195992   -0.107728    0.307456    0.211437    0.330467 -0.00324505   0.0924003  -0.0465667   0.0268375    0.611131   -0.380355    0.089042    0.417971    0.229053   0.0898162 -0.00696198    0.152638  -0.0573014   -0.600845    -1.16208  -0.0647163    0.104115   -0.453127
   0.173551   -0.606134  0.00993452   -0.173905   0.0905488    -0.11412    0.681959   -0.179852    0.684638  -0.0957852    0.538391   -0.219804    0.638337   -0.416514    0.503458 -0.00785765   -0.607171   -0.711362    0.422004  -0.0338102     0.26658    0.351812  -0.0206471   -0.718817   -0.710482   -0.439978   -0.280619  -0.0522963    0.588881    0.666816    0.938436  -0.0429022   0.0435621  -0.0308516   0.0309376  -0.0172756     0.60939   -0.077994   -0.044884    0.170606    -0.10152    0.147488   0.0168281   -0.354634  0.00478108   -0.282053     0.29782   -0.120525    0.309705    0.597946
   -1.19972    0.165635   -0.519648      1.4041    0.601502    0.247609    0.206134    0.362186   -0.572737   -0.905496   -0.120803    0.132179   -0.574026 -0.00842615   0.0327396   0.0862394     1.03405   -0.424224   -0.427328    0.155054   0.0557375    0.441083    0.226301    -0.37189  -0.0154744     0.11939    0.296478    0.376132   -0.371299     0.43164    0.933567   0.0938349    -0.20103    0.236079   -0.141617    0.116474   -0.278461   -0.281757   0.0747523    0.181612    0.116899    0.128723   -0.146498   0.0746936   -0.157918    -0.53363   -0.215475   -0.322381   -0.355578    0.283279
   0.157907   -0.944866     1.00552    0.421474   0.0421627  -0.0989927    0.084059     1.07464   0.0792779   -0.222097  0.00427627   -0.162667    0.709779    0.683695    0.330772  -0.0917397   -0.173771   -0.052767    0.617951  -0.0420229    0.608107   -0.454362   -0.208947   -0.356838   -0.597897   -0.364374   -0.108716   -0.542173    0.217282  -0.0274048   -0.126113   -0.322145 0.000960123  -0.0733488    0.147704    0.115625    0.147463   -0.565516    0.201004    0.139168    0.148836  -0.0961621  -0.0415465    0.117095   -0.103624    0.361161    -0.25698    0.038412   0.0290908   0.0685227
   0.267293     1.11265    0.283807   -0.125771   -0.832075  0.00245167   -0.753483    -1.12668   0.0403825   0.0793451   0.0508793   -0.311217   -0.192741   -0.616311   -0.461917   -0.172529  -0.0919038    0.254039    0.504063   -0.166729   -0.168841   0.0503332    0.631267     1.02264   -0.645814   -0.168919  -0.0424156     0.26325   -0.125233    -0.10676    0.149549    -0.18385   0.0650374    0.053334    0.165418   -0.294271     1.24428   0.0420437   -0.137225   -0.042945   0.0204503    0.122376   0.0843895    0.121009    -0.08319      0.4189   -0.716241  -0.0761076     0.37447     1.01885
End of matrix R
