#ifndef FEATURE_SIZE
#define FEATURE_SIZE 5
#endif

#ifndef NO_OF_POSTAGS
#define NO_OF_POSTAGS 45
#endif

#ifndef MAX_DISTANCE
#define MAX_DISTANCE 49
#endif

#ifndef BATCH_SIZE
#define BATCH_SIZE 100
#endif

#ifndef LEARNING_RATE
#define LEARNING_RATE 0.01
#endif

#ifndef LEARNING_DECAY
#define LEARNING_DECAY 0.00001
#endif

#ifndef NO_OF_EPOCH
#define NO_OF_EPOCH 10
#endif
Epoch number: 1
Matrix C1
-6.04908e-005  -0.000542599   0.000343241  -0.000538716  1.79003e-005
   0.00037319  1.62258e-005   -0.00026194   0.000231324   0.000101247
    0.0010615   0.000185326   0.000511724   0.000392601 -6.37784e-005
 -0.000167338  -0.000343231   0.000654953  -0.000468901   -0.00133433
 -0.000387095   -0.00026135   -0.00100777  2.53638e-005  -0.000446017

End of matrix C1
Matrix C2
-5.99624e-005  -0.000542094   0.000342007  -0.000537195   1.4963e-005
  0.000372072  1.65674e-005  -0.000263221   0.000230801   0.000100842
   0.00106329   0.000186484    0.00051072   0.000393206 -6.34617e-005
  -0.00016883  -0.000343191   0.000653396  -0.000468636   -0.00133749
 -0.000385344   -0.00026144   -0.00100665  2.72268e-005  -0.000447519

End of matrix C2
Matrix C3
-5.99977e-005  -0.000542782   0.000342896  -0.000538204  1.73361e-005
  0.000372532  1.62007e-005  -0.000262133   0.000231578   9.9587e-005
   0.00106259   0.000186028   0.000510448   0.000391247 -6.23372e-005
 -0.000167969  -0.000344451   0.000655756  -0.000468499   -0.00133563
 -0.000387936  -0.000260883   -0.00100716   2.4198e-005  -0.000447424

End of matrix C3
Matrix C4
-5.62204e-005  -0.000542005   0.000344317  -0.000536064  1.67148e-005
  0.000372973  1.80329e-005  -0.000261537    0.00023131   0.000100047
   0.00106516   0.000187528   0.000514235   0.000392868 -6.28178e-005
 -0.000166265   -0.00034288   0.000655378  -0.000466416   -0.00133719
 -0.000387171   -0.00026192    -0.0010073  2.50851e-005  -0.000443892

End of matrix C4
Matrix C5
-5.81674e-005  -0.000542061   0.000342428  -0.000537249  1.64543e-005
    0.0003724  1.84481e-005  -0.000262897   0.000231856   0.000100507
   0.00106349   0.000186242   0.000514225   0.000390742 -6.37019e-005
 -0.000168764  -0.000343197   0.000653171  -0.000465909   -0.00133658
  -0.00038445  -0.000260285   -0.00100807  2.64532e-005  -0.000445212

End of matrix C5
Matrix R
-6.56615e-005  -0.000541553   0.000344992  -0.000541367  2.23351e-005
  0.000368932  1.69101e-005  -0.000263173   0.000230456   0.000105084
    0.0010637   0.000183455   0.000526886   0.000385171 -7.60556e-005
 -0.000166969  -0.000343223   0.000653855  -0.000465382   -0.00133525
 -0.000395167  -0.000261024   -0.00100783  2.19431e-005  -0.000441178
-6.46659e-006 -9.22126e-005  -0.000339847 -3.64358e-005   0.000428826
  0.000188427  -0.000374481   0.000700562   0.000402863  -0.000167978
  0.000336626   0.000605773   2.3702e-005  -0.000142485   0.000574616
 -0.000656949 -6.52513e-005  -0.000236265  3.66705e-005   0.000836477
-4.92919e-006  -0.000202752  -0.000158014  -0.000302098  -0.000797234
 -0.000494142   0.000398418   0.000556141  -0.000661044  -0.000485104
  0.000785604  7.99497e-005 -8.18023e-005   0.000710232  -0.000996133
  0.000284036 -7.55576e-006   0.000260966  -0.000599102   0.000557827
  0.000277942  -0.000717866 -5.53568e-005   0.000470835  -0.000108967
 -0.000208739   -0.00052387 -6.83075e-005  -0.000549923   0.000372955
-4.05175e-005   4.8929e-005 -3.23812e-005  9.32793e-006   0.000570905
-7.94475e-005   0.000663326   0.000552068   0.000224554  6.44365e-005
 2.82661e-005  6.34249e-005  -0.000925606   0.000495565  -0.000112072
  0.000464833   0.000495737   -0.00037027  2.23559e-005    0.00100298
-6.11656e-005   0.000388426     -0.001429   0.000672809  -0.000131133
  -0.00024715  -0.000205745  -0.000290131   0.000801826   0.000456934
   0.00024466  -0.000620687   0.000280778   0.000274212  -7.0149e-005
 -0.000462603  -0.000494159   -0.00035294   0.000459713  -0.000191322
  0.000598841  -0.000179759   -0.00016841  -0.000226749  -0.000137858
  0.000597657   0.000274077   0.000355211   0.000663467  -0.000826167
  0.000449084  3.54526e-005  -0.000514136   0.000829356   0.000359341
  7.8335e-005 -7.39042e-005  -0.000934568    0.00028797     0.0012354
  0.000400491  -0.000976049  -0.000520897   -0.00106613  -0.000505381
-7.74502e-005  -0.000132814   0.000586519   0.000453055    0.00101925
 -0.000249885  -0.000536239   0.000161564   0.000155689   -0.00106262
-7.75294e-005   0.000600084   0.000784203  -0.000197683   0.000527772
  0.000407334   0.000123743   0.000200913  4.91035e-006  -0.000109582
 -0.000734725   0.000114155   0.000721979   0.000438654  -0.000414247
 -0.000710084  -0.000324071  -0.000156128  -0.000247441  -0.000415218
   0.00112354   -0.00124707   0.000126292  -0.000132556  -0.000903588
  0.000416445  -5.0638e-006  -0.000246345   0.000128486   0.000842875
-9.21861e-005  -0.000111731  -0.000474906   0.000145381  -0.000247662
 -0.000788319   0.000122539   0.000185974   0.000991315  -0.000288591
  0.000116504  -0.000718591  -0.000132875  -0.000627746   0.000446599
  0.000249164  -0.000377095   0.000406168    0.00037867   0.000408193
 -5.9388e-005  2.36567e-005    0.00032326  -0.000590431  -0.000652819
 -0.000314779  -0.000155129  -0.000153429   0.000202556  7.27122e-005
-7.47365e-005  1.91189e-005 -5.13122e-005  2.56949e-005  -0.000372737
 1.66819e-005  -0.000360237   0.000266068  -0.000134761  -0.000406716
  0.000400713  -0.000900904   0.000398626   0.000516922 -9.11825e-005
End of matrix R
Epoch number: 2
Matrix C1
-6.00009e-005   -0.00054185   0.000344344  -0.000539788  1.90816e-005
  0.000373948  1.56852e-005  -0.000260655   0.000231402    0.00010208
   0.00106079   0.000184879   0.000512937     0.0003935  -6.3679e-005
 -0.000166332  -0.000342936    0.00065566  -0.000469843    -0.0013326
 -0.000387779  -0.000261874   -0.00100793  2.55264e-005  -0.000444766

End of matrix C1
Matrix C2
-5.89516e-005  -0.000540832   0.000341979   -0.00053681  1.33336e-005
  0.000371773  1.63562e-005  -0.000263147   0.000230372    0.00010131
   0.00106427   0.000187119   0.000510939   0.000394645 -6.30388e-005
  -0.00016923  -0.000342817   0.000652682  -0.000469304   -0.00133876
 -0.000384364  -0.000262066   -0.00100577  2.91755e-005  -0.000447715

End of matrix C2
Matrix C3
-5.90244e-005  -0.000542171   0.000343695  -0.000538784      1.8e-005
  0.000372665  1.56418e-005  -0.000260985   0.000231882  9.88659e-005
   0.00106294   0.000186192   0.000510413   0.000390858 -6.08881e-005
 -0.000167554  -0.000345278   0.000657249  -0.000469044   -0.00133509
 -0.000389461   -0.00026098   -0.00100672  2.32261e-005  -0.000447517

End of matrix C3
Matrix C4
-5.16662e-005  -0.000540684   0.000346476  -0.000534626  1.68067e-005
  0.000373513  1.92199e-005  -0.000259814   0.000231346  9.97481e-005
   0.00106793   0.000189151   0.000517864    0.00039397 -6.17631e-005
 -0.000164247  -0.000342235   0.000656532  -0.000464995   -0.00133816
 -0.000387946  -0.000263017   -0.00100703  2.49987e-005  -0.000440624

End of matrix C4
Matrix C5
-5.54797e-005  -0.000540762    0.00034278  -0.000536925  1.62696e-005
  0.000372398  2.00181e-005   -0.00026246   0.000232396   0.000100653
   0.00106464   0.000186654   0.000517803   0.000389814 -6.34669e-005
 -0.000169121   -0.00034285   0.000652207  -0.000463996   -0.00133697
 -0.000382625  -0.000259817   -0.00100847  2.76566e-005  -0.000443279

End of matrix C5
Matrix R
-7.00153e-005  -0.000539815   0.000347658  -0.000544975  2.76905e-005
   0.00036567  1.70174e-005  -0.000263136   0.000229694   0.000109523
   0.00106532   0.000181152   0.000542956   0.000379166  -8.7766e-005
 -0.000165619  -0.000342896   0.000653512  -0.000462978   -0.00133438
 -0.000403473   -0.00026125   -0.00100829  1.90277e-005  -0.000435291
-6.37362e-006 -9.21024e-005  -0.000339965 -3.60351e-005    0.00042853
  0.000188382  -0.000374345   0.000699996   0.000402769  -0.000168334
  0.000336952   0.000605777  2.41566e-005  -0.000142411    0.00057383
 -0.000656796 -6.49882e-005  -0.000237014  3.71638e-005   0.000836319
-4.73578e-006  -0.000202718  -0.000158422  -0.000300764  -0.000796356
 -0.000494293    0.00039829   0.000559784  -0.000659378  -0.000484411
  0.000786386  8.04715e-005 -8.26009e-005   0.000711374  -0.000995522
  0.000284192 -7.98911e-006   0.000264003  -0.000599289   0.000557341
   0.00027721  -0.000717867 -5.37628e-005   0.000471189  -0.000108478
 -0.000208563  -0.000523604 -6.91508e-005  -0.000549418   0.000372851
-3.98373e-005  4.98768e-005 -3.14599e-005  9.26682e-006   0.000570925
-7.98866e-005   0.000662819    0.00055307   0.000223879  6.26206e-005
 2.71549e-005   6.3382e-005  -0.000925034   0.000495892  -0.000111152
  0.000464681   0.000496008  -0.000369654  2.33929e-005    0.00100354
-6.14466e-005   0.000388926   -0.00142973   0.000672954  -0.000130088
 -0.000246986  -0.000205526   -0.00029016   0.000802081    0.00045632
  0.000243806  -0.000620767   0.000280809   0.000272546 -7.16502e-005
 -0.000462504  -0.000493862  -0.000353701   0.000460499  -0.000190984
  0.000596192  -0.000180764  -0.000168095   -0.00022859  -0.000138707
  0.000596683   0.000274467   0.000361493   0.000665886  -0.000824904
  0.000449591  3.57815e-005  -0.000514318   0.000830179   0.000359544
  7.7893e-005 -7.37635e-005  -0.000935792   0.000287736    0.00123552
   0.00040075  -0.000975809  -0.000521519   -0.00106552  -0.000505438
-7.73112e-005  -0.000132622   0.000586043    0.00045353    0.00101904
 -0.000249818  -0.000536002    0.00016104   0.000156173   -0.00106273
-7.78956e-005    0.00060025   0.000783247  -0.000197727    0.00052742
  0.000407541   0.000123965   0.000199956  5.65667e-006  -0.000109421
 -0.000734506   0.000114423   0.000721205   0.000439205  -0.000414395
 -0.000709905  -0.000323819  -0.000156817  -0.000246904  -0.000415323
   0.00112371   -0.00124681   0.000125566  -0.000132011  -0.000903703
  0.000416631 -4.75967e-006  -0.000247222   0.000128995   0.000842795
-9.19377e-005  -0.000111501  -0.000475693   0.000146071  -0.000247785
 -0.000788257   0.000122677   0.000185132   0.000991694  -0.000288883
    0.0001167  -0.000718329   -0.00013368  -0.000627247    0.00044646
  0.000249266  -0.000376848   0.000405413   0.000379104   0.000408051
-5.91833e-005  2.39211e-005   0.000322472   -0.00058988  -0.000652948
 -0.000314575  -0.000154865  -0.000154217   0.000203107  7.25826e-005
-7.45317e-005  1.93832e-005 -5.21001e-005   2.6246e-005  -0.000372867
 1.68867e-005  -0.000359973    0.00026528  -0.000134209  -0.000406846
  0.000400917  -0.000900639   0.000397838   0.000517473 -9.13121e-005
End of matrix R
Epoch number: 3
Matrix C1
-5.95052e-005  -0.000541123   0.000345431  -0.000540851  2.02945e-005
  0.000374656  1.51494e-005  -0.000259409   0.000231455   0.000102915
   0.00106017   0.000184419   0.000514156    0.00039433 -6.35818e-005
 -0.000165371  -0.000342644   0.000656352  -0.000470773   -0.00133087
 -0.000388464  -0.000262417    -0.0010081  2.57066e-005  -0.000443647

End of matrix C1
Matrix C2
-5.79743e-005  -0.000539618   0.000341965  -0.000536428   1.1771e-005
  0.000371468  1.61309e-005  -0.000263042   0.000229947   0.000101743
   0.00106524   0.000187728   0.000511266   0.000396019 -6.26394e-005
 -0.000169654  -0.000342457   0.000651952  -0.000469964      -0.00134
 -0.000383416  -0.000262694   -0.00100489  3.10655e-005  -0.000447944

End of matrix C2
Matrix C3
-5.80793e-005  -0.000541611   0.000344504  -0.000539374  1.86212e-005
  0.000372792  1.50793e-005  -0.000259881   0.000232178  9.81407e-005
   0.00106329   0.000186386   0.000510485   0.000390446 -5.94515e-005
 -0.000167143  -0.000346092   0.000658686  -0.000469576    -0.0013346
  -0.00039092  -0.000261084    -0.0010063  2.22674e-005  -0.000447636

End of matrix C3
Matrix C4
-4.72402e-005   -0.00053943    0.00034866  -0.000533252  1.68882e-005
  0.000374047  2.03389e-005  -0.000258119   0.000231401  9.94469e-005
   0.00107072   0.000190734   0.000521492   0.000395082 -6.08375e-005
  -0.00016231  -0.000341611   0.000657654  -0.000463639   -0.00133907
 -0.000388709  -0.000264121   -0.00100681  2.48844e-005  -0.000437505

End of matrix C4
Matrix C5
-5.2894e-005  -0.00053952  0.000343111  -0.00053661  1.6065e-005
 0.000372363 2.15318e-005  -0.00026206  0.000232939  0.000100775
  0.00106576   0.00018702  0.000521359  0.000388913 -6.3323e-005
-0.000169519 -0.000342511  0.000651215 -0.000462127  -0.00133735
-0.000380866 -0.000259342  -0.00100889 2.87678e-005 -0.000441339

End of matrix C5
Matrix R
-7.42805e-005  -0.000538115   0.000350059   -0.00054838  3.29726e-005
  0.000362563  1.71322e-005  -0.000263232   0.000229051    0.00011392
   0.00106722   0.000178955    0.00055873   0.000373666 -9.91034e-005
 -0.000164313  -0.000342582   0.000653177  -0.000460673   -0.00133355
 -0.000411855  -0.000261464   -0.00100891  1.59704e-005  -0.000429629
-6.26581e-006 -9.19958e-005  -0.000340086 -3.56406e-005   0.000428246
  0.000188359  -0.000374214   0.000699451   0.000402692  -0.000168676
  0.000337301   0.000605784  2.46015e-005   -0.00014231   0.000573081
 -0.000656639 -6.47372e-005  -0.000237731  3.76431e-005   0.000836168
-4.53054e-006  -0.000202688  -0.000158833  -0.000299482  -0.000795529
 -0.000494347   0.000398155   0.000563276  -0.000657696  -0.000483791
  0.000787115  8.10106e-005 -8.34348e-005   0.000712365  -0.000994878
  0.000284417 -8.43159e-006   0.000267157  -0.000599481   0.000556745
  0.000276563  -0.000717877 -5.22616e-005   0.000471585  -0.000108025
 -0.000208385  -0.000523349 -6.99597e-005  -0.000548929   0.000372753
 -3.9145e-005  5.07848e-005 -3.06032e-005  9.25736e-006   0.000570944
-8.03972e-005   0.000662333   0.000553964     0.0002232     6.09e-005
 2.59654e-005  6.33398e-005  -0.000924546   0.000496075  -0.000110229
  0.000464472   0.000496268  -0.000369095  2.43572e-005    0.00100411
-6.17412e-005     0.0003894   -0.00143051   0.000673072   -0.00012898
 -0.000246809  -0.000205317  -0.000290185   0.000802344   0.000455735
   0.00024293  -0.000620858   0.000280876   0.000270831  -7.3105e-005
 -0.000462394  -0.000493579  -0.000354438   0.000461261  -0.000190666
  0.000593496  -0.000181754  -0.000167924  -0.000230553  -0.000139526
  0.000595741   0.000274864   0.000367596   0.000668265  -0.000823702
  0.000450098   3.6097e-005  -0.000514509   0.000830984   0.000359741
 7.73669e-005 -7.36579e-005  -0.000936996   0.000287357    0.00123563
  0.000401009   -0.00097558  -0.000522116   -0.00106494  -0.000505493
-7.71638e-005  -0.000132437   0.000585583   0.000453993    0.00101883
 -0.000249742  -0.000535776   0.000160536   0.000156642   -0.00106283
-7.82308e-005   0.000600409   0.000782329  -0.000197761   0.000527085
  0.000407751   0.000124176   0.000199034  6.37649e-006  -0.000109267
 -0.000734287   0.000114679   0.000720464   0.000439737  -0.000414537
 -0.000709723  -0.000323579  -0.000157479  -0.000246385  -0.000415424
   0.00112389   -0.00124655    0.00012487  -0.000131483  -0.000903813
  0.000416819 -4.46921e-006  -0.000248063   0.000129488   0.000842719
-9.16893e-005  -0.000111281  -0.000476447   0.000146736  -0.000247903
 -0.000788198   0.000122801   0.000184315   0.000992053  -0.000289198
  0.000116898  -0.000718079  -0.000134451  -0.000626763   0.000446327
  0.000249374  -0.000376613   0.000404689   0.000379525   0.000407916
 -5.8977e-005  2.41733e-005   0.000321717  -0.000589347  -0.000653071
 -0.000314368  -0.000154613  -0.000154972    0.00020364  7.24594e-005
-7.43254e-005  1.96355e-005 -5.28554e-005  2.67793e-005   -0.00037299
  1.7093e-005  -0.000359721   0.000264525  -0.000133676  -0.000406969
  0.000401124  -0.000900387   0.000397083   0.000518006 -9.14353e-005
End of matrix R
Epoch number: 4
Matrix C1
-5.90823e-005  -0.000540469   0.000346475  -0.000541855  2.13683e-005
  0.000375361  1.46549e-005  -0.000258252   0.000231536   0.000103668
   0.00105959   0.000184032   0.000515252   0.000395167  -6.3573e-005
 -0.000164461  -0.000342395   0.000657012  -0.000471644   -0.00132929
 -0.000389081  -0.000262896   -0.00100831  2.58732e-005  -0.000442578

End of matrix C1
Matrix C2
-5.71112e-005  -0.000538499   0.000341969  -0.000536088  1.02828e-005
  0.000371195  1.59336e-005  -0.000263001    0.00022956   0.000102158
   0.00106618   0.000188343   0.000511487   0.000397321  -6.2271e-005
 -0.000170078  -0.000342142   0.000651274  -0.000470586   -0.00134117
 -0.000382516  -0.000263271   -0.00100412  3.28529e-005  -0.000448184

End of matrix C2
Matrix C3
-5.72527e-005  -0.000541091   0.000345285  -0.000539953  1.92174e-005
  0.000372905  1.45626e-005  -0.000258829    0.00023244  9.74721e-005
   0.00106362   0.000186545   0.000510461   0.000390062 -5.81497e-005
 -0.000166788  -0.000346869   0.000660056  -0.000470088   -0.00133412
 -0.000392302  -0.000261158   -0.00100592  2.13741e-005  -0.000447774

End of matrix C3
Matrix C4
-4.30831e-005   -0.00053825   0.000350745  -0.000531941  1.69332e-005
  0.000374531   2.1414e-005  -0.000256541   0.000231441   9.9164e-005
   0.00107336   0.000192251   0.000524877   0.000396117 -5.99683e-005
 -0.000160492  -0.000341027   0.000658747  -0.000462332   -0.00133997
 -0.000389419  -0.000265136   -0.00100665  2.48043e-005  -0.000434574

End of matrix C4
Matrix C5
-5.04485e-005  -0.000538349   0.000343511   -0.00053632  1.58843e-005
   0.00037237  2.29627e-005  -0.000261669   0.000233444   0.000100878
   0.00106686   0.000187412   0.000524699   0.000388054 -6.31571e-005
 -0.000169832  -0.000342185   0.000650329  -0.000460352   -0.00133774
 -0.000379256  -0.000258931   -0.00100929  2.98204e-005  -0.000439552

End of matrix C5
Matrix R
-7.80841e-005  -0.000536577   0.000352326  -0.000551528  3.77635e-005
  0.000359746  1.72449e-005  -0.000263426   0.000228494   0.000117906
    0.0010692   0.000176921   0.000573549   0.000368769  -0.000109678
 -0.000163092  -0.000342299    0.00065287  -0.000458494   -0.00133277
 -0.000419286  -0.000261671   -0.00100967   1.3377e-005  -0.000424387
-6.18934e-006 -9.19103e-005  -0.000340189 -3.52888e-005   0.000427965
  0.000188311  -0.000374106   0.000698942   0.000402592   -0.00016901
  0.000337624   0.000605777  2.50561e-005  -0.000142225    0.00057236
 -0.000656521 -6.45149e-005  -0.000238403  3.80727e-005   0.000836018
-4.35962e-006  -0.000202678  -0.000159226  -0.000298284  -0.000794754
 -0.000494408   0.000398017   0.000566537  -0.000656145  -0.000483247
  0.000787796   8.1481e-005 -8.42063e-005   0.000713369  -0.000994305
  0.000284692 -8.83324e-006   0.000269869  -0.000599551   0.000556336
  0.000275938  -0.000717898 -5.08136e-005   0.000471948  -0.000107602
 -0.000208248  -0.000523123  -7.0719e-005  -0.000548491   0.000372652
-3.84875e-005  5.16386e-005 -2.97853e-005  9.25595e-006   0.000570953
 -8.0779e-005   0.000661863   0.000554878   0.000222585  5.92277e-005
 2.49085e-005  6.32774e-005  -0.000924067    0.00049631   -0.00010941
  0.000464361   0.000496518  -0.000368555  2.53266e-005    0.00100462
-6.19814e-005   0.000389833   -0.00143119    0.00067321  -0.000128082
 -0.000246666  -0.000205134  -0.000290188   0.000802574   0.000455166
  0.000242144  -0.000620948   0.000280912   0.000269298 -7.44789e-005
 -0.000462318  -0.000493326  -0.000355133   0.000461963  -0.000190372
  0.000591035  -0.000182702  -0.000167693  -0.000232319  -0.000140328
  0.000594969   0.000275225   0.000373234   0.000670551  -0.000822681
  0.000450561  3.63826e-005   -0.00051469   0.000831738   0.000359925
 7.69032e-005 -7.35641e-005  -0.000938128    0.00028707    0.00123572
  0.000401224  -0.000975379  -0.000522672   -0.00106441  -0.000505552
-7.70535e-005  -0.000132279   0.000585158   0.000454406    0.00101863
 -0.000249702  -0.000535578   0.000160069   0.000157062   -0.00106294
-7.85823e-005   0.000600544   0.000781465  -0.000197823   0.000526758
  0.000407919    0.00012436   0.000198161  7.03522e-006  -0.000109126
 -0.000734111   0.000114906    0.00071977   0.000440217  -0.000414678
 -0.000709583  -0.000323367  -0.000158096  -0.000245919  -0.000415527
   0.00112403   -0.00124633   0.000124217  -0.000131008  -0.000903925
  0.000416965 -4.20889e-006  -0.000248855    0.00012993    0.00084264
-9.14856e-005  -0.000111088  -0.000477154   0.000147342  -0.000248022
 -0.000788164    0.00012291   0.000183554   0.000992377  -0.000289473
  0.000117054  -0.000717858  -0.000135173   -0.00062633   0.000446195
  0.000249444  -0.000376405   0.000404011   0.000379897    0.00040778
-5.88136e-005  2.43968e-005   0.000321009  -0.000588867  -0.000653196
 -0.000314205  -0.000154389  -0.000155679    0.00020412  7.23353e-005
 -7.4162e-005   1.9859e-005 -5.35625e-005  2.72594e-005  -0.000373114
 1.72564e-005  -0.000359497   0.000263818  -0.000133196  -0.000407093
  0.000401287  -0.000900164   0.000396376   0.000518487 -9.15594e-005
End of matrix R
Epoch number: 5
Matrix C1
-5.86292e-005  -0.000539835   0.000347517  -0.000542842  2.24547e-005
  0.000376026  1.41776e-005  -0.000257113   0.000231603    0.00010441
   0.00105912   0.000183644   0.000516373   0.000395971  -6.3546e-005
 -0.000163601  -0.000342153   0.000657654  -0.000472511   -0.00132772
 -0.000389711  -0.000263389   -0.00100853  2.60383e-005  -0.000441583

End of matrix C1
Matrix C2
-5.62128e-005  -0.000537404    0.00034204  -0.000535733  8.80737e-006
  0.000370924  1.57334e-005  -0.000262916   0.000229187   0.000102533
   0.00106714   0.000188933   0.000511794   0.000398596 -6.19424e-005
  -0.00017049  -0.000341818   0.000650627  -0.000471192   -0.00134234
 -0.000381643  -0.000263849   -0.00100336  3.45909e-005  -0.000448427

End of matrix C2
Matrix C3
-5.63916e-005  -0.000540601   0.000346107  -0.000540515   1.9781e-005
  0.000373031  1.40531e-005  -0.000257816   0.000232717  9.68024e-005
   0.00106403   0.000186744    0.00051053   0.000389699 -5.68666e-005
 -0.000166425  -0.000347618   0.000661404  -0.000470587   -0.00133367
 -0.000393674   -0.00026126   -0.00100559   2.0471e-005  -0.000447903

End of matrix C3
Matrix C4
-3.90066e-005  -0.000537121   0.000352874  -0.000530692  1.69999e-005
  0.000375018   2.2441e-005  -0.000254968   0.000231486  9.88725e-005
   0.00107604   0.000193747   0.000528288   0.000397133  -5.9137e-005
 -0.000158736  -0.000340469   0.000659821  -0.000461077   -0.00134081
 -0.000390144  -0.000266155   -0.00100654  2.46953e-005  -0.000431737

End of matrix C4
Matrix C5
-4.80822e-005  -0.000537216   0.000343902  -0.000536041  1.56866e-005
  0.000372353  2.43411e-005  -0.000261297   0.000233942   0.000100978
   0.00106794   0.000187782   0.000528011    0.00038721 -6.30154e-005
 -0.000170196   -0.00034188   0.000649433  -0.000458618   -0.00133812
 -0.000377672  -0.000258512   -0.00100968  3.08156e-005  -0.000437829

End of matrix C5
Matrix R
-8.18824e-005  -0.000535044   0.000354395  -0.000554645  4.25336e-005
  0.000356974  1.73632e-005  -0.000263688   0.000227964   0.000121882
   0.00107142   0.000174943   0.000588366   0.000364205  -0.000120089
  -0.00016191  -0.000342025   0.000652564  -0.000456397   -0.00133203
 -0.000426936  -0.000261885   -0.00101063  1.06474e-005   -0.00041928
-6.10343e-006 -9.18273e-005    -0.0003403 -3.49408e-005   0.000427693
  0.000188278  -0.000374001   0.000698445   0.000402508  -0.000169333
  0.000337961   0.000605774  2.54962e-005  -0.000142118   0.000571669
 -0.000656402 -6.43019e-005  -0.000239055  3.84922e-005   0.000835873
-4.16002e-006  -0.000202671  -0.000159646    -0.0002971  -0.000794011
 -0.000494477   0.000397907   0.000569684  -0.000654586  -0.000482745
  0.000788481  8.19531e-005 -8.49616e-005   0.000714302  -0.000993748
  0.000285043 -9.23042e-006   0.000272768  -0.000599608   0.000555822
   0.00027534  -0.000717916 -4.94421e-005   0.000472332   -0.00010717
 -0.000208111  -0.000522907 -7.14558e-005  -0.000548065   0.000372555
-3.78252e-005  5.24597e-005  -2.9025e-005  9.29554e-006    0.00057096
-8.12237e-005   0.000661404   0.000555744   0.000221954  5.76108e-005
 2.38607e-005  6.32295e-005  -0.000923642   0.000496549   -0.00010857
  0.000464189   0.000496758  -0.000368069  2.62301e-005    0.00100514
-6.22538e-005   0.000390252   -0.00143195    0.00067332  -0.000127071
 -0.000246515  -0.000204958  -0.000290195   0.000802812    0.00045462
  0.000241331  -0.000621048   0.000280976   0.000267715 -7.58164e-005
 -0.000462236  -0.000493083  -0.000355814   0.000462647  -0.000190094
  0.000588614  -0.000183619  -0.000167529   -0.00023408  -0.000141086
  0.000594221   0.000275626   0.000378864   0.000672812  -0.000821741
   0.00045102  3.66577e-005  -0.000514885   0.000832477   0.000360103
 7.64608e-005 -7.34685e-005  -0.000939246   0.000286776    0.00123583
  0.000401436  -0.000975187  -0.000523214   -0.00106389   -0.00050561
-7.69387e-005  -0.000132126    0.00058474   0.000454809    0.00101844
 -0.000249656  -0.000535388   0.000159612   0.000157472   -0.00106304
-7.89105e-005   0.000600673   0.000780625  -0.000197876   0.000526445
  0.000408086   0.000124537   0.000197311  7.67356e-006  -0.000108992
 -0.000733936   0.000115124   0.000719096   0.000440683  -0.000414814
 -0.000709443  -0.000323164  -0.000158697  -0.000245466  -0.000415627
   0.00112417   -0.00124612   0.000123583  -0.000130546  -0.000904032
  0.000417112 -3.95926e-006  -0.000249624    0.00013036   0.000842563
-9.12842e-005  -0.000110904  -0.000477839   0.000147929  -0.000248136
 -0.000788135   0.000123006   0.000182808   0.000992684   -0.00028977
  0.000117209  -0.000717645  -0.000135873  -0.000625908   0.000446067
  0.000249517  -0.000376207   0.000403353   0.000380261   0.000407649
-5.86511e-005  2.46109e-005   0.000320323    -0.0005884  -0.000653315
 -0.000314042  -0.000154175  -0.000156366   0.000204587  7.22158e-005
-7.39995e-005  2.00731e-005 -5.42488e-005  2.77263e-005  -0.000373234
 1.74189e-005  -0.000359283   0.000263131  -0.000132729  -0.000407213
   0.00040145  -0.000899949    0.00039569   0.000518953 -9.16788e-005
End of matrix R
Epoch number: 6
Matrix C1
 -5.8221e-005  -0.000539249   0.000348538  -0.000543779  2.34289e-005
  0.000376672  1.37206e-005  -0.000256039   0.000231662   0.000105099
   0.00105867   0.000183279   0.000517402   0.000396733 -6.35722e-005
 -0.000162759  -0.000341928   0.000658295  -0.000473319   -0.00132627
 -0.000390282  -0.000263826   -0.00100877  2.61955e-005  -0.000440663

End of matrix C1
Matrix C2
-5.54276e-005  -0.000536404   0.000342099  -0.000535422  7.42582e-006
   0.00037067  1.55402e-005   -0.00026289   0.000228826   0.000102909
   0.00106806   0.000189511    0.00051205   0.000399776 -6.16084e-005
 -0.000170918  -0.000341554   0.000649994  -0.000471778   -0.00134342
 -0.000380814   -0.00026438   -0.00100267  3.62349e-005  -0.000448706

End of matrix C2
Matrix C3
-5.56381e-005  -0.000540156   0.000346887  -0.000541073  2.03156e-005
  0.000373125  1.35737e-005  -0.000256852   0.000232942  9.61677e-005
   0.00106439   0.000186909   0.000510555   0.000389336 -5.56801e-005
 -0.000166109   -0.00034835   0.000662664  -0.000471067   -0.00133324
 -0.000394959  -0.000261315   -0.00100525  1.96318e-005  -0.000448069

End of matrix C3
Matrix C4
-3.51504e-005  -0.000536042   0.000354926  -0.000529497  1.70199e-005
  0.000375469  2.34221e-005  -0.000253512   0.000231536  9.85964e-005
   0.00107861   0.000195181   0.000531494   0.000398124 -5.84017e-005
 -0.000157086  -0.000339932   0.000660875  -0.000459891   -0.00134165
 -0.000390819  -0.000267094   -0.00100648  2.46165e-005  -0.000429094

End of matrix C4
Matrix C5
-4.58276e-005  -0.000536156   0.000344324  -0.000535771   1.5511e-005
  0.000372373  2.56532e-005  -0.000260953   0.000234424   0.000101036
     0.001069   0.000188159   0.000531157   0.000386416 -6.29001e-005
 -0.000170505  -0.000341587   0.000648598  -0.000456988   -0.00133848
 -0.000376206  -0.000258133   -0.00101006  3.17769e-005  -0.000436189

End of matrix C5
Matrix R
 -8.5309e-005  -0.000533639   0.000356354  -0.000557548  4.68945e-005
  0.000354406  1.74843e-005  -0.000264062   0.000227485   0.000125577
    0.0010737   0.000173107   0.000602368   0.000360129  -0.000129879
 -0.000160791  -0.000341774   0.000652287  -0.000454404   -0.00133132
 -0.000433863  -0.000262078   -0.00101175  8.15836e-006  -0.000414538
-6.03662e-006 -9.17585e-005  -0.000340389 -3.46261e-005   0.000427429
  0.000188231  -0.000373911   0.000697986   0.000402408  -0.000169645
  0.000338283   0.000605762  2.59507e-005  -0.000142022   0.000571004
 -0.000656309 -6.41094e-005  -0.000239662  3.88729e-005   0.000835732
-4.02702e-006  -0.000202675  -0.000160003   -0.00029604   -0.00079333
 -0.000494472   0.000397771   0.000572617  -0.000653179  -0.000482362
  0.000789102  8.23792e-005 -8.56803e-005   0.000715208  -0.000993228
  0.000285408 -9.59667e-006   0.000275331  -0.000599636   0.000555392
  0.000274836  -0.000717946  -4.8108e-005   0.000472687  -0.000106829
 -0.000208001  -0.000522712 -7.21444e-005  -0.000547678   0.000372461
-3.71869e-005  5.32384e-005 -2.82888e-005  9.34184e-006   0.000570963
 -8.1614e-005   0.000660974   0.000556513   0.000221376   5.6094e-005
 2.28938e-005  6.31612e-005  -0.000923227   0.000496772  -0.000107824
  0.000464085    0.00049699  -0.000367596   2.7127e-005    0.00100563
  -6.248e-005    0.00039064   -0.00143262   0.000673449  -0.000126231
 -0.000246384  -0.000204801  -0.000290176   0.000803025   0.000454093
  0.000240605  -0.000621143   0.000281021   0.000266297 -7.70859e-005
 -0.000462175  -0.000492862  -0.000356454   0.000463284  -0.000189831
   0.00058636  -0.000184506  -0.000167336  -0.000235722  -0.000141835
  0.000593597   0.000275966   0.000383935   0.000674937  -0.000820902
  0.000451448  3.69111e-005  -0.000515063   0.000833174   0.000360275
 7.60255e-005 -7.33919e-005  -0.000940303   0.000286491    0.00123592
  0.000401619  -0.000975015  -0.000523716   -0.00106342  -0.000505668
-7.68474e-005  -0.000131991   0.000584357   0.000455175    0.00101825
 -0.000249633  -0.000535217   0.000159193   0.000157843   -0.00106314
-7.92448e-005   0.000600786   0.000779837  -0.000197948   0.000526144
  0.000408226   0.000124695    0.00019651  8.26344e-006  -0.000108865
  -0.00073379   0.000115321   0.000718468   0.000441108  -0.000414946
 -0.000709329  -0.000322981  -0.000159254  -0.000245053  -0.000415725
   0.00112428   -0.00124592   0.000122993  -0.000130125  -0.000904137
  0.000417232 -3.73143e-006  -0.000250344   0.000130751   0.000842488
-9.11123e-005  -0.000110739  -0.000478477    0.00014847  -0.000248247
 -0.000788122   0.000123093   0.000182118   0.000992965  -0.000290033
  0.000117337  -0.000717454  -0.000136526  -0.000625526   0.000445943
  0.000249565  -0.000376029    0.00040274   0.000380587   0.000407522
-5.85167e-005  2.48044e-005   0.000319684  -0.000587975  -0.000653431
 -0.000313908  -0.000153981  -0.000157005   0.000205012  7.20999e-005
-7.38651e-005  2.02666e-005 -5.48881e-005  2.81517e-005   -0.00037335
 1.75533e-005   -0.00035909   0.000262492  -0.000132304  -0.000407329
  0.000401584  -0.000899756    0.00039505   0.000519379 -9.17947e-005
End of matrix R
Epoch number: 7
Matrix C1
-5.77923e-005  -0.000538688   0.000349556  -0.000544706  2.44126e-005
  0.000377294  1.32781e-005  -0.000255018   0.000231733   0.000105774
   0.00105832    0.00018297   0.000518471   0.000397489  -6.3597e-005
  -0.00016197  -0.000341735   0.000658892  -0.000474126   -0.00132485
 -0.000390858  -0.000264267   -0.00100902  2.63549e-005  -0.000439776

End of matrix C1
Matrix C2
-5.45996e-005  -0.000535401   0.000342229  -0.000535097  6.05556e-006
  0.000370425  1.53522e-005  -0.000262837   0.000228484   0.000103257
   0.00106901   0.000190097   0.000512361   0.000400952 -6.13123e-005
 -0.000171326  -0.000341262   0.000649405  -0.000472346   -0.00134451
 -0.000380006  -0.000264914   -0.00100201  3.78518e-005  -0.000448965

End of matrix C2
Matrix C3
-5.48479e-005  -0.000539716   0.000347719  -0.000541616  2.08267e-005
  0.000373247  1.31036e-005  -0.000255896   0.000233189  9.55448e-005
   0.00106483   0.000187093   0.000510642   0.000389003 -5.45385e-005
 -0.000165781  -0.000349062   0.000663917  -0.000471538   -0.00133282
 -0.000396233   -0.00026139   -0.00100495  1.87793e-005  -0.000448213

End of matrix C3
Matrix C4
-3.13655e-005  -0.000535012   0.000356998  -0.000528356  1.70709e-005
  0.000375919  2.43727e-005  -0.000252038    0.00023158  9.83161e-005
    0.0010812   0.000196605   0.000534709   0.000399084 -5.76806e-005
 -0.000155488  -0.000339425   0.000661912  -0.000458751   -0.00134244
 -0.000391494  -0.000268046   -0.00100645  2.45189e-005  -0.000426492

End of matrix C4
Matrix C5
 -4.3637e-005  -0.000535111   0.000344767  -0.000535516  1.53111e-005
  0.000372369  2.69305e-005  -0.000260587   0.000234884   0.000101103
   0.00107006   0.000188537   0.000534265   0.000385629 -6.27855e-005
 -0.000170845  -0.000341308   0.000647789  -0.000455378   -0.00133886
 -0.000374776  -0.000257756   -0.00101043  3.26766e-005  -0.000434617

End of matrix C5
Matrix R
-8.87069e-005  -0.000532262   0.000358191  -0.000560361  5.12003e-005
  0.000351956     1.76e-005  -0.000264445   0.000227064   0.000129167
   0.00107618   0.000171311   0.000616385   0.000356318  -0.000139537
 -0.000159714  -0.000341533   0.000652005  -0.000452482   -0.00133065
 -0.000440842  -0.000262266   -0.00101299   5.7359e-006   -0.00040983
-5.96955e-006 -9.16934e-005  -0.000340491 -3.43164e-005   0.000427169
   0.00018819  -0.000373826    0.00069753   0.000402319  -0.000169951
  0.000338609   0.000605752  2.63857e-005  -0.000141911   0.000570361
 -0.000656222 -6.39262e-005  -0.000240259  3.92436e-005   0.000835593
-3.85299e-006  -0.000202683  -0.000160409  -0.000294963  -0.000792665
 -0.000494521    0.00039766   0.000575507  -0.000651733   -0.00048198
  0.000789727  8.28015e-005 -8.63957e-005   0.000716078  -0.000992719
  0.000285856  -9.9568e-006   0.000278052  -0.000599605   0.000554917
  0.000274302  -0.000717967 -4.68335e-005   0.000473085  -0.000106425
 -0.000207898  -0.000522525 -7.28211e-005  -0.000547302   0.000372366
-3.65541e-005  5.39876e-005 -2.76066e-005  9.41858e-006   0.000570959
-8.19826e-005   0.000660544    0.00055731   0.000220825  5.45974e-005
 2.19221e-005  6.31046e-005  -0.000922864   0.000496996  -0.000107059
  0.000463967    0.00049721   -0.00036717  2.80012e-005    0.00100611
-6.27253e-005   0.000391014   -0.00143336   0.000673555  -0.000125316
 -0.000246255  -0.000204651  -0.000290168   0.000803241    0.00045358
  0.000239847  -0.000621248    0.00028108   0.000264826  -7.8318e-005
 -0.000462116  -0.000492651  -0.000357088   0.000463904  -0.000189586
  0.000584125  -0.000185368  -0.000167208  -0.000237367  -0.000142549
  0.000593061   0.000276347   0.000389107   0.000677145  -0.000820147
  0.000451865   3.7154e-005  -0.000515258   0.000833858   0.000360439
 7.56099e-005 -7.33205e-005  -0.000941343   0.000286225    0.00123599
  0.000401792  -0.000974851  -0.000524213   -0.00106296  -0.000505727
-7.67598e-005  -0.000131863   0.000583974    0.00045553    0.00101807
 -0.000249613  -0.000535055   0.000158775   0.000158204   -0.00106324
-7.95669e-005   0.000600893   0.000779063  -0.000198014    0.00052585
  0.000408358   0.000124845   0.000195721   8.8346e-006  -0.000108747
 -0.000733653   0.000115508   0.000717851    0.00044152  -0.000415077
 -0.000709222  -0.000322808  -0.000159804  -0.000244653  -0.000415823
   0.00112439   -0.00124574    0.00012241  -0.000129716  -0.000904242
  0.000417344 -3.51415e-006  -0.000251052   0.000131131   0.000842411
-9.09495e-005  -0.000110582  -0.000479105   0.000148994  -0.000248359
 -0.000788116    0.00012317   0.000181428   0.000993232  -0.000290309
  0.000117457  -0.000717271  -0.000137167  -0.000625155   0.000445819
  0.000249608  -0.000375859   0.000402137   0.000380904   0.000407396
-5.83902e-005  2.49886e-005   0.000319055  -0.000587562  -0.000653547
 -0.000313781  -0.000153797  -0.000157634   0.000205425  7.19841e-005
-7.37386e-005  2.04507e-005 -5.55169e-005  2.85646e-005  -0.000373466
 1.76798e-005  -0.000358905   0.000261863  -0.000131891  -0.000407444
  0.000401711  -0.000899572   0.000394421   0.000519792 -9.19106e-005
End of matrix R
Epoch number: 8
Matrix C1
-5.74071e-005   -0.00053816   0.000350526  -0.000545587  2.53067e-005
   0.00037789  1.28562e-005  -0.000254026   0.000231788   0.000106399
   0.00105797   0.000182643   0.000519431    0.00039821 -6.36522e-005
 -0.000161203  -0.000341539   0.000659484  -0.000474886   -0.00132351
 -0.000391397  -0.000264674   -0.00100929   2.6508e-005  -0.000438972

End of matrix C1
Matrix C2
-5.38724e-005  -0.000534496   0.000342324  -0.000534802  4.75669e-006
  0.000370188  1.51796e-005  -0.000262813   0.000228162    0.00010359
    0.0010699   0.000190658   0.000512624   0.000402051 -6.10241e-005
 -0.000171738  -0.000341028   0.000648804  -0.000472895   -0.00134552
 -0.000379244  -0.000265413   -0.00100138  3.93748e-005  -0.000449266

End of matrix C2
Matrix C3
-5.41503e-005   -0.00053932   0.000348488  -0.000542142  2.13078e-005
  0.000373336  1.26605e-005  -0.000255004   0.000233397  9.49457e-005
   0.00106521   0.000187268   0.000510688   0.000388649 -5.34481e-005
 -0.000165489  -0.000349742   0.000665102  -0.000471994   -0.00133243
 -0.000397432  -0.000261444   -0.00100467  1.79965e-005  -0.000448395

End of matrix C3
Matrix C4
-2.77653e-005   -0.00053402   0.000358997  -0.000527248  1.70724e-005
  0.000376332  2.52741e-005  -0.000250671   0.000231623  9.80537e-005
   0.00108368   0.000197972    0.00053774   0.000400019 -5.70474e-005
 -0.000153966  -0.000338938   0.000662925  -0.000457645   -0.00134323
 -0.000392144  -0.000268915   -0.00100646  2.44289e-005  -0.000424079

End of matrix C4
Matrix C5
 -4.1541e-005  -0.000534141   0.000345212   -0.00053527  1.51454e-005
  0.000372397  2.81296e-005  -0.000260276   0.000235347   0.000101143
   0.00107108   0.000188906   0.000537224   0.000384889 -6.26875e-005
 -0.000171136  -0.000341046   0.000647016  -0.000453853   -0.00133922
 -0.000373437  -0.000257411    -0.0010108  3.35475e-005  -0.000433108

End of matrix C5
Matrix R
-9.18598e-005  -0.000530962    0.00035985  -0.000563034  5.52342e-005
  0.000349666   1.7722e-005  -0.000264898   0.000226682   0.000132551
   0.00107868   0.000169641    0.00062967   0.000352908  -0.000148649
 -0.000158685  -0.000341307   0.000651751  -0.000450646   -0.00133001
 -0.000447226  -0.000262465   -0.00101423   3.4226e-006  -0.000405604
-5.91209e-006  -9.1637e-005  -0.000340572 -3.40315e-005   0.000426921
  0.000188144  -0.000373751   0.000697109   0.000402221  -0.000170244
  0.000338927   0.000605738  2.68357e-005  -0.000141806   0.000569744
  -0.00065615 -6.37572e-005  -0.000240814  3.95852e-005   0.000835461
-3.73416e-006    -0.0002027  -0.000160758  -0.000293994  -0.000792051
 -0.000494482   0.000397539   0.000578153  -0.000650421  -0.000481691
   0.00079031  8.31956e-005  -8.7074e-005    0.00071691  -0.000992233
  0.000286279 -1.03063e-005   0.000280511  -0.000599611    0.00055447
  0.000273873  -0.000718009 -4.56123e-005   0.000473415  -0.000106143
 -0.000207811  -0.000522353 -7.34535e-005  -0.000546957   0.000372278
-3.59366e-005   5.4704e-005 -2.69402e-005  9.50245e-006   0.000570957
 -8.2325e-005   0.000660143    0.00055803   0.000220289  5.31782e-005
 2.10065e-005  6.30381e-005  -0.000922507   0.000497206  -0.000106348
  0.000463893   0.000497436  -0.000366737  2.88415e-005    0.00100657
-6.29346e-005   0.000391358   -0.00143401   0.000673679  -0.000124526
 -0.000246136  -0.000204514  -0.000290136   0.000803441   0.000453089
  0.000239145  -0.000621352   0.000281138   0.000263467 -7.94933e-005
 -0.000462068  -0.000492455  -0.000357684   0.000464486   -0.00018935
   0.00058201  -0.000186207  -0.000167064  -0.000238921  -0.000143241
  0.000592488   0.000276684   0.000393763   0.000679088  -0.000819474
  0.000452262  3.73817e-005  -0.000515436   0.000834509   0.000360602
 7.52025e-005 -7.32591e-005  -0.000942334   0.000285957    0.00123607
  0.000401948  -0.000974701  -0.000524672   -0.00106254  -0.000505782
-7.66852e-005  -0.000131746   0.000583624   0.000455857    0.00101789
 -0.000249604  -0.000534906   0.000158393   0.000158536   -0.00106333
-7.98871e-005    0.00060099   0.000778336  -0.000198093   0.000525572
  0.000408473   0.000124983   0.000194977  9.36836e-006   -0.00010863
 -0.000733532   0.000115681   0.000717276   0.000441901  -0.000415199
 -0.000709131  -0.000322648  -0.000160314  -0.000244284  -0.000415916
   0.00112448   -0.00124557   0.000121869  -0.000129339  -0.000904339
  0.000417441 -3.31201e-006  -0.000251715   0.000131481   0.000842341
-9.08047e-005  -0.000110438   -0.00047969   0.000149482  -0.000248462
  -0.00078812   0.000123239   0.000180787   0.000993476  -0.000290563
  0.000117561  -0.000717103  -0.000137765  -0.000624813   0.000445704
  0.000249638  -0.000375703   0.000401575   0.000381193   0.000407278
-5.82804e-005  2.51586e-005   0.000318469   -0.00058718  -0.000653655
 -0.000313672  -0.000153627  -0.000158219   0.000205807  7.18758e-005
-7.36288e-005  2.06207e-005 -5.61027e-005  2.89459e-005  -0.000373574
 1.77896e-005  -0.000358735   0.000261277   -0.00013151  -0.000407553
   0.00040182  -0.000899402   0.000393836   0.000520173 -9.20189e-005
End of matrix R
Epoch number: 9
Matrix C1
-5.70132e-005  -0.000537662   0.000351504  -0.000546434  2.61457e-005
  0.000378479  1.24564e-005  -0.000253091   0.000231856   0.000106992
   0.00105769   0.000182365   0.000520393   0.000398932  -6.3734e-005
 -0.000160464  -0.000341367   0.000660051   -0.00047562   -0.00132225
 -0.000391914  -0.000265056   -0.00100957  2.66492e-005  -0.000438178

End of matrix C1
Matrix C2
-5.31309e-005  -0.000533604   0.000342482  -0.000534514  3.49037e-006
   0.00036998  1.50186e-005    -0.0002628    0.00022786   0.000103908
   0.00107081   0.000191221   0.000512879   0.000403118 -6.07606e-005
 -0.000172128  -0.000340795   0.000648269  -0.000473415   -0.00134651
 -0.000378508  -0.000265891   -0.00100081  4.08484e-005  -0.000449552

End of matrix C2
Matrix C3
-5.34412e-005  -0.000538923   0.000349289  -0.000542642  2.17632e-005
  0.000373436  1.22407e-005  -0.000254128   0.000233603  9.43715e-005
   0.00106564   0.000187438   0.000510734   0.000388342 -5.24343e-005
 -0.000165204  -0.000350394   0.000666262  -0.000472425   -0.00133206
 -0.000398614  -0.000261498   -0.00100441  1.72211e-005  -0.000448556

End of matrix C3
Matrix C4
-2.42724e-005  -0.000533069   0.000360978  -0.000526194  1.70942e-005
  0.000376736  2.61503e-005  -0.000249334    0.00023166  9.77891e-005
   0.00108612   0.000199316   0.000540703   0.000400911 -5.64147e-005
 -0.000152508   -0.00033848   0.000663925  -0.000456588   -0.00134398
 -0.000392778   -0.00026976    -0.0010065   2.4352e-005  -0.000421737

End of matrix C4
Matrix C5
-3.95139e-005  -0.000533197   0.000345698  -0.000535033  1.49673e-005
  0.000372434  2.92867e-005  -0.000259948   0.000235778   0.000101178
    0.0010721   0.000189287   0.000540092   0.000384168 -6.25822e-005
 -0.000171424  -0.000340802   0.000646293  -0.000452382   -0.00133958
 -0.000372151  -0.000257087   -0.00101114  3.43846e-005  -0.000431702

End of matrix C5
Matrix R
-9.48483e-005  -0.000529724   0.000361447  -0.000565646  5.90776e-005
  0.000347486  1.78387e-005  -0.000265382   0.000226321   0.000135776
   0.00108129   0.000168018   0.000642822    0.00034974  -0.000157568
 -0.000157705  -0.000341094   0.000651502  -0.000448883    -0.0013294
 -0.000453348   -0.00026265   -0.00101561   1.2966e-006  -0.000401479
-5.86857e-006 -9.15887e-005  -0.000340655 -3.37635e-005   0.000426674
  0.000188088  -0.000373685     0.0006967   0.000402119  -0.000170533
  0.000339235    0.00060572   2.7278e-005  -0.000141702   0.000569144
 -0.000656096  -6.3601e-005  -0.000241353  3.99058e-005   0.000835329
-3.61063e-006  -0.000202724  -0.000161124  -0.000293043   -0.00079146
 -0.000494497   0.000397432   0.000580722  -0.000649151  -0.000481423
  0.000790875  8.35542e-005 -8.77158e-005    0.00071775  -0.000991795
  0.000286756 -1.06251e-005   0.000282898  -0.000599533   0.000554065
  0.000273423  -0.000718044  -4.4426e-005   0.000473758  -0.000105828
 -0.000207744  -0.000522194 -7.40666e-005  -0.000546633   0.000372188
-3.53391e-005  5.53899e-005 -2.63096e-005  9.59791e-006   0.000570948
-8.26115e-005    0.00065975   0.000558774   0.000219789  5.17832e-005
 2.01743e-005  6.29684e-005  -0.000922163   0.000497466   -0.00010569
  0.000463827   0.000497646  -0.000366333  2.96687e-005      0.001007
-6.31482e-005   0.000391699   -0.00143467   0.000673784  -0.000123753
 -0.000246033  -0.000204388  -0.000290103    0.00080363   0.000452607
  0.000238482  -0.000621449   0.000281178   0.000262177  -8.0628e-005
 -0.000462037  -0.000492273  -0.000358265   0.000465042  -0.000189129
  0.000580034  -0.000187006  -0.000166892  -0.000240373  -0.000143922
  0.000592043   0.000277025   0.000398328   0.000681068  -0.000818898
  0.000452636  3.75955e-005  -0.000515619   0.000835134   0.000360755
 7.48456e-005 -7.31962e-005  -0.000943288   0.000285758    0.00123614
  0.000402082  -0.000974564  -0.000525118   -0.00106214  -0.000505841
-7.66277e-005   -0.00013164   0.000583282   0.000456163    0.00101772
 -0.000249612  -0.000534769   0.000158021   0.000158847   -0.00106343
-8.02106e-005   0.000601076   0.000777631  -0.000198178   0.000525298
  0.000408568   0.000125108   0.000194253  9.87364e-006  -0.000108523
 -0.000733433   0.000115842   0.000716719   0.000442259  -0.000415323
 -0.000709059  -0.000322501  -0.000160808  -0.000243938   -0.00041601
   0.00112455   -0.00124541   0.000121343  -0.000128984  -0.000904439
  0.000417518 -3.12381e-006  -0.000252358   0.000131809   0.000842267
-9.06814e-005  -0.000110306  -0.000480256   0.000149943  -0.000248568
 -0.000788135   0.000123301   0.000180169   0.000993706  -0.000290801
  0.000117645  -0.000716948  -0.000138345  -0.000624494   0.000445587
   0.00024965   -0.00037556    0.00040103   0.000381462   0.000407158
-5.81911e-005  2.53157e-005   0.000317902  -0.000586822  -0.000653765
 -0.000313582   -0.00015347  -0.000158787   0.000206165  7.17658e-005
-7.35395e-005  2.07778e-005 -5.66703e-005  2.93042e-005  -0.000373684
 1.78789e-005  -0.000358578    0.00026071  -0.000131151  -0.000407663
   0.00040191  -0.000899245   0.000393268   0.000520531 -9.21288e-005
End of matrix R
Epoch number: 10
Matrix C1
-5.66084e-005  -0.000537173   0.000352471  -0.000547283   2.7023e-005
  0.000379036  1.20565e-005  -0.000252169   0.000231909   0.000107589
   0.00105746   0.000182079   0.000521377   0.000399615 -6.38118e-005
 -0.000159755  -0.000341199   0.000660611  -0.000476356   -0.00132097
 -0.000392442  -0.000265457   -0.00100985  2.68023e-005   -0.00043746

End of matrix C1
Matrix C2
-5.23992e-005  -0.000532737   0.000342646  -0.000534222  2.25436e-006
  0.000369762  1.48469e-005  -0.000262758   0.000227556   0.000104205
   0.00107171   0.000191765    0.00051322   0.000404151 -6.05119e-005
 -0.000172529  -0.000340563   0.000647719  -0.000473932    -0.0013475
 -0.000377793  -0.000266377   -0.00100024  4.22907e-005  -0.000449847

End of matrix C2
Matrix C3
-5.27441e-005  -0.000538559   0.000350092  -0.000543158  2.22017e-005
  0.000373536  1.18171e-005  -0.000253277   0.000233809  9.37919e-005
   0.00106608    0.00018763   0.000510869   0.000388018 -5.14216e-005
 -0.000164922  -0.000351043   0.000667384  -0.000472857    -0.0013317
 -0.000399759   -0.00026156   -0.00100416  1.64497e-005   -0.00044873

End of matrix C3
Matrix C4
-2.08273e-005  -0.000532151   0.000362985  -0.000525164  1.70991e-005
  0.000377143  2.69895e-005  -0.000248006   0.000231714  9.75256e-005
   0.00108859   0.000200636   0.000543697   0.000401819 -5.58679e-005
  -0.00015108  -0.000338024   0.000664908  -0.000455558    -0.0013447
 -0.000393415  -0.000270622   -0.00100657  2.42487e-005  -0.000419463

End of matrix C4
Matrix C5
-3.75355e-005  -0.000532281   0.000346159  -0.000534798  1.47755e-005
  0.000372443  3.04167e-005  -0.000259644   0.000236213   0.000101202
    0.0010731   0.000189637   0.000542966   0.000383464  -6.2536e-005
 -0.000171747   -0.00034056   0.000645537  -0.000450932   -0.00133993
  -0.00037089  -0.000256749    -0.0010115  3.51695e-005  -0.000430271

End of matrix C5
Matrix R
-9.78336e-005  -0.000528499   0.000362882  -0.000568143  6.29288e-005
  0.000345376  1.79598e-005  -0.000265941   0.000226028   0.000139017
   0.00108405   0.000166449   0.000655864   0.000346815   -0.00016632
 -0.000156745  -0.000340887   0.000651257  -0.000447172   -0.00132881
 -0.000459622  -0.000262832   -0.00101707 -9.73534e-007  -0.000397445
-5.81254e-006 -9.15401e-005   -0.00034074 -3.34953e-005   0.000426435
  0.000188048  -0.000373619   0.000696301    0.00040203  -0.000170812
  0.000339556   0.000605706  2.77122e-005  -0.000141582   0.000568564
 -0.000656034 -6.34489e-005  -0.000241876   4.0223e-005   0.000835202
-3.47735e-006  -0.000202746   -0.00016149  -0.000292118  -0.000790894
 -0.000494459   0.000397322   0.000583241  -0.000647843  -0.000481194
  0.000791407  8.39336e-005 -8.83933e-005   0.000718489  -0.000991325
  0.000287262 -1.09538e-005   0.000285414  -0.000599471   0.000553569
  0.000273021  -0.000718084 -4.32924e-005   0.000474127  -0.000105532
  -0.00020767  -0.000522039 -7.46625e-005  -0.000546314   0.000372101
-3.47354e-005  5.60552e-005 -2.57125e-005  9.71936e-006   0.000570938
-8.29626e-005   0.000659368   0.000559441   0.000219278  5.04485e-005
 1.92704e-005  6.29011e-005   -0.00092188   0.000497617  -0.000105016
  0.000463724   0.000497853  -0.000365968   3.0453e-005    0.00100744
-6.33729e-005   0.000392024   -0.00143538   0.000673881  -0.000122918
 -0.000245918  -0.000204264  -0.000290071   0.000803827   0.000452142
    0.0002378  -0.000621555   0.000281243   0.000260851 -8.17366e-005
 -0.000461994  -0.000492096  -0.000358833   0.000465587  -0.000188918
  0.000577996  -0.000187803  -0.000166828   -0.00024192   -0.00014458
  0.000591626   0.000277386   0.000402854   0.000683051  -0.000818322
  0.000453013  3.78041e-005  -0.000515807   0.000835753   0.000360906
 7.44207e-005 -7.31556e-005  -0.000944242   0.000285447    0.00123621
  0.000402222   -0.00097443  -0.000525553   -0.00106174  -0.000505897
-7.65604e-005  -0.000131537   0.000582948   0.000456465    0.00101755
 -0.000249608  -0.000534636   0.000157659   0.000159155   -0.00106352
-8.05116e-005   0.000601161   0.000776945  -0.000198254   0.000525035
   0.00040867   0.000125231   0.000193546  1.03685e-005  -0.000108419
 -0.000733326   0.000115998   0.000716177   0.000442612  -0.000415442
  -0.00070898  -0.000322358  -0.000161289  -0.000243597  -0.000416102
   0.00112462   -0.00124525   0.000120831  -0.000128635  -0.000904535
  0.000417602 -2.94069e-006  -0.000252984   0.000132133   0.000842196
-9.05524e-005  -0.000110177  -0.000480807   0.000150395  -0.000248669
 -0.000788149   0.000123357    0.00017956   0.000993928  -0.000291057
  0.000117736  -0.000716796  -0.000138907  -0.000624178   0.000445475
  0.000249671   -0.00037542   0.000400501   0.000381729   0.000407043
 -5.8095e-005  2.54686e-005    0.00031735  -0.000586469   -0.00065387
 -0.000313486  -0.000153317  -0.000159339   0.000206518  7.16605e-005
-7.34434e-005  2.09308e-005 -5.72218e-005  2.96572e-005  -0.000373789
  1.7975e-005  -0.000358425   0.000260158  -0.000130798  -0.000407768
  0.000402006  -0.000899092   0.000392717   0.000520884 -9.22342e-005
End of matrix R
