Epoch number: 1
Matrix C1
-6.01819e-005  -0.000542884   0.000342983  -0.000538156  1.75891e-005
  0.000372916  1.64172e-005  -0.000262322    0.00023124   0.000100972
   0.00106151   0.000185441   0.000511388   0.000392245  -6.3734e-005
 -0.000167268  -0.000343327   0.000654966  -0.000468452   -0.00133492
 -0.000386942  -0.000261054   -0.00100802  2.51873e-005  -0.000446048

End of matrix C1
Matrix C2
-5.98988e-005  -0.000542318   0.000341961  -0.000537003  1.56364e-005
  0.000372063  1.65717e-005  -0.000263277   0.000231021   0.000100686
   0.00106309   0.000186225   0.000511003   0.000392723  -6.3871e-005
 -0.000168696  -0.000343124   0.000653454  -0.000468218   -0.00133696
 -0.000385566  -0.000261267   -0.00100713  2.68948e-005  -0.000447064

End of matrix C2
Matrix C3
-5.99244e-005  -0.000543033   0.000342762  -0.000538026  1.71707e-005
  0.000372599  1.62601e-005  -0.000262547   0.000231705  9.97731e-005
   0.00106244   0.000186008   0.000510794   0.000391184 -6.29151e-005
 -0.000167782  -0.000344237   0.000655314  -0.000468133   -0.00133567
 -0.000387273  -0.000260903    -0.0010076  2.46825e-005   -0.00044699

End of matrix C3
Matrix C4
-5.72696e-005  -0.000542242   0.000343769  -0.000536479  1.68363e-005
  0.000372977  1.75243e-005  -0.000262111   0.000231458   0.000100317
   0.00106435    0.00018703   0.000513459   0.000392299 -6.35171e-005
 -0.000166711  -0.000343224   0.000654872  -0.000466778    -0.0013366
 -0.000386781  -0.000261536   -0.00100781  2.54197e-005  -0.000444363

End of matrix C4
Matrix C5
-5.88513e-005  -0.000542398   0.000342089  -0.000537208  1.65498e-005
  0.000372564  1.78134e-005  -0.000262862   0.000231807   0.000100629
   0.00106284   0.000186174    0.00051285    0.00039093 -6.42023e-005
 -0.000168427  -0.000343229   0.000653504  -0.000466505   -0.00133609
 -0.000384917  -0.000260416   -0.00100838  2.66688e-005   -0.00044524

End of matrix C5
Matrix R
-6.41765e-005  -0.000541859   0.000344531  -0.000540285  2.11934e-005
  0.000368942  1.67007e-005   -0.00026386   0.000229864   0.000103935
   0.00106291   0.000183865   0.000524243   0.000385881 -7.37592e-005
 -0.000165817  -0.000343133   0.000654918  -0.000462981   -0.00133376
 -0.000392619  -0.000260886   -0.00100748  2.30669e-005  -0.000443045
-6.54879e-006 -9.22528e-005  -0.000340135 -3.66313e-005   0.000428857
  0.000188387  -0.000374523   0.000700591   0.000402868  -0.000168002
   0.00033623   0.000605787  2.34133e-005  -0.000142649   0.000574968
 -0.000656949 -6.53594e-005  -0.000236061  3.65841e-005   0.000836461
-5.10078e-006  -0.000202789  -0.000157981  -0.000302614  -0.000797461
 -0.000493308   0.000398556   0.000554954  -0.000660451   -0.00048512
   0.00078545  7.96427e-005 -8.11412e-005   0.000710154   -0.00099676
   0.00028396  -7.4715e-006   0.000260272   -0.00059919   0.000557427
  0.000278635  -0.000717919  -5.5748e-005   0.000470862  -0.000109711
 -0.000208783  -0.000523969  -6.8049e-005  -0.000550065   0.000372901
-4.07316e-005  4.86704e-005 -3.28084e-005  9.53705e-006   0.000571362
-7.89181e-005   0.000663553   0.000551843   0.000225097  6.49851e-005
 2.86032e-005  6.34299e-005  -0.000926144   0.000495446  -0.000112463
   0.00046461   0.000495633    -0.0003703  2.19508e-005    0.00100299
-6.09037e-005   0.000388458   -0.00142809   0.000672548  -0.000131687
 -0.000247309   -0.00020583  -0.000290191   0.000801623   0.000457001
  0.000244827  -0.000620728   0.000281052   0.000274602 -6.98139e-005
 -0.000462842  -0.000494247   -0.00035309   0.000459466  -0.000191182
  0.000599836  -0.000179354  -0.000168611  -0.000226149  -0.000137562
  0.000598042   0.000273975    0.00035326   0.000663049  -0.000826596
  0.000448742  3.53691e-005  -0.000514111   0.000828896    0.00035929
 7.81774e-005 -7.39867e-005  -0.000934605    0.00028786    0.00123543
  0.000400387  -0.000976128  -0.000520785    -0.0010663  -0.000505382
-7.74144e-005   -0.00013282   0.000586617    0.00045306    0.00101938
 -0.000249885  -0.000536322   0.000161562   0.000155611   -0.00106262
-7.71679e-005   0.000600051   0.000784539  -0.000197395   0.000527898
  0.000407323   0.000123699   0.000201309  4.66178e-006  -0.000109773
 -0.000734819   0.000114067   0.000722132   0.000438493  -0.000414208
 -0.000710121  -0.000324141  -0.000156016  -0.000247571  -0.000415235
   0.00112343   -0.00124718   0.000126534  -0.000132781  -0.000903614
  0.000416358 -5.18722e-006  -0.000246084   0.000128331   0.000842855
-9.18654e-005  -0.000111875  -0.000474586   0.000146287  -0.000247304
 -0.000788374   0.000122528   0.000186202   0.000991263   -0.00028847
  0.000116444  -0.000718675  -0.000132692  -0.000627851   0.000446624
  0.000249124  -0.000377176   0.000406326   0.000378518   0.000408164
-5.94575e-005  2.35747e-005   0.000323435  -0.000590578  -0.000652809
 -0.000314846  -0.000155211  -0.000153257   0.000202416  7.27271e-005
-7.48018e-005   1.9036e-005 -5.11343e-005  2.55446e-005  -0.000372725
 1.66136e-005   -0.00036032   0.000266235  -0.000134909  -0.000406704
  0.000400637  -0.000900984   0.000398803   0.000516774 -9.11629e-005
End of matrix R
Epoch number: 2
Matrix C1
-5.94502e-005  -0.000542413   0.000343768  -0.000538677  1.84518e-005
  0.000373372  1.60657e-005  -0.000261418   0.000231218   0.000101536
   0.00106079   0.000185067   0.000512216   0.000392748 -6.35808e-005
 -0.000166234  -0.000343107   0.000655664  -0.000468943   -0.00133378
 -0.000387467  -0.000261301   -0.00100838   2.5192e-005  -0.000444911

End of matrix C1
Matrix C2
 -5.8915e-005   -0.00054133   0.000341816  -0.000536467  1.47178e-005
  0.000371742  1.63604e-005  -0.000263244   0.000230799   0.000100989
    0.0010638   0.000186569   0.000511488   0.000393652 -6.38314e-005
 -0.000168971  -0.000342716   0.000652766  -0.000468493   -0.00133768
 -0.000384833  -0.000261712   -0.00100667   2.8455e-005  -0.000446856

End of matrix C2
Matrix C3
-5.89646e-005  -0.000542697    0.00034335  -0.000538431  1.76537e-005
  0.000372765   1.5765e-005  -0.000261842   0.000232102  9.92422e-005
   0.00106255    0.00018615   0.000511085   0.000390708 -6.20081e-005
 -0.000167218  -0.000344844   0.000656327  -0.000468331   -0.00133521
 -0.000388103   -0.00026101   -0.00100756  2.42187e-005  -0.000446708

End of matrix C3
Matrix C4
-5.38816e-005  -0.000541183   0.000345293  -0.000535472  1.70102e-005
  0.000373485   1.8181e-005  -0.000261006   0.000231633   0.000100283
   0.00106623   0.000188113   0.000516198   0.000392849 -6.31684e-005
  -0.00016518  -0.000342906   0.000655491  -0.000465742     -0.001337
 -0.000387167  -0.000262228     -0.001008  2.56303e-005  -0.000441688

End of matrix C4
Matrix C5
-5.69089e-005   -0.00054148   0.000342067  -0.000536862  1.64653e-005
  0.000372701  1.87331e-005  -0.000262446   0.000232302   0.000100876
   0.00106332   0.000186469   0.000515028   0.000390223 -6.44656e-005
 -0.000168451  -0.000342915   0.000652863  -0.000465213   -0.00133601
 -0.000383604  -0.000260085   -0.00100906  2.80121e-005  -0.000443355

End of matrix C5
Matrix R
-6.70492e-005  -0.000540457   0.000346663  -0.000542713  2.53258e-005
  0.000365808  1.66111e-005  -0.000264416   0.000228611   0.000107195
   0.00106362    0.00018206   0.000536914   0.000380765 -8.27338e-005
 -0.000163454  -0.000342733   0.000655572  -0.000458478   -0.00133158
 -0.000398289  -0.000260982   -0.00100744  2.11545e-005  -0.000439195
-6.52322e-006 -9.21776e-005  -0.000340508 -3.64193e-005   0.000428612
  0.000188318  -0.000374425    0.00070008   0.000402788  -0.000168356
  0.000336187   0.000605807  2.35778e-005  -0.000142727   0.000574542
 -0.000656784  -6.5199e-005  -0.000236589  3.69885e-005   0.000836301
-5.08513e-006  -0.000202781  -0.000158307   -0.00030183  -0.000796829
 -0.000492612    0.00039854   0.000557317   -0.00065832  -0.000484462
  0.000786053  7.98876e-005 -8.13153e-005   0.000711126  -0.000996709
  0.000283983 -7.83461e-006   0.000262544  -0.000599542    0.00055656
  0.000278618  -0.000717975 -5.45875e-005     0.0004712  -0.000109981
 -0.000208637  -0.000523797 -6.86174e-005    -0.0005497    0.00037276
-4.02728e-005  4.93466e-005 -3.23093e-005  9.65864e-006   0.000571805
-7.89067e-005   0.000663283   0.000552539   0.000224926  6.37743e-005
 2.77791e-005  6.33983e-005  -0.000926084   0.000495576  -0.000111906
  0.000464238   0.000495799  -0.000369711  2.25417e-005    0.00100353
-6.09191e-005   0.000388956   -0.00142791   0.000672459  -0.000131208
 -0.000247285  -0.000205692  -0.000290274   0.000801689   0.000456483
  0.000244136  -0.000620843   0.000281355   0.000273302 -7.09518e-005
  -0.00046295  -0.000494036  -0.000353953   0.000460001  -0.000190721
  0.000598116  -0.000179953  -0.000168531   -0.00022746  -0.000138096
  0.000597311   0.000274226    0.00035736   0.000664831  -0.000825713
  0.000448927   3.5613e-005  -0.000514252   0.000829268   0.000359442
  7.7562e-005 -7.39339e-005  -0.000935813   0.000287459    0.00123558
  0.000400557  -0.000975964  -0.000521275   -0.00106586  -0.000505431
-7.72331e-005  -0.000132634   0.000586255    0.00045353    0.00101929
 -0.000249805  -0.000536164   0.000161061   0.000156013    -0.0010627
-7.71735e-005   0.000600186   0.000783935  -0.000197164   0.000527682
   0.00040753   0.000123878   0.000200762  5.16122e-006  -0.000109784
 -0.000734678   0.000114251   0.000721533   0.000438884  -0.000414308
 -0.000709968  -0.000323957  -0.000156573  -0.000247166  -0.000415343
   0.00112351   -0.00124701   0.000126064  -0.000132455   -0.00090374
  0.000416473 -5.00156e-006  -0.000246683   0.000128687   0.000842767
-9.13151e-005  -0.000111779  -0.000475044   0.000147788  -0.000247091
 -0.000788355   0.000122654   0.000185602   0.000991585  -0.000288648
  0.000116594  -0.000718493  -0.000133294  -0.000627457   0.000446521
  0.000249204  -0.000377007   0.000405748   0.000378805   0.000408008
-5.93075e-005  2.37603e-005   0.000322843  -0.000590174  -0.000652917
 -0.000314693  -0.000155026  -0.000153854   0.000202827  7.26235e-005
 -7.4648e-005  1.92209e-005 -5.17247e-005  2.59455e-005  -0.000372832
 1.67645e-005  -0.000360135   0.000265636  -0.000134507   -0.00040681
  0.000400781  -0.000900796   0.000398212   0.000517178 -9.12622e-005
End of matrix R
Epoch number: 3
Matrix C1
 -5.8775e-005  -0.000541986   0.000344507  -0.000539162  1.92387e-005
  0.000373793  1.57432e-005   -0.00026059   0.000231197    0.00010205
   0.00106016   0.000184732   0.000512983   0.000393216 -6.34553e-005
 -0.000165287  -0.000342909   0.000656311  -0.000469398   -0.00133274
 -0.000387953  -0.000261527   -0.00100873  2.51975e-005  -0.000443879

End of matrix C1
Matrix C2
-5.80133e-005  -0.000540427   0.000341704  -0.000535976  1.38676e-005
  0.000371449  1.61658e-005  -0.000263217   0.000230598   0.000101264
   0.00106448   0.000186894   0.000511946   0.000394503 -6.38001e-005
 -0.000169235  -0.000342346   0.000652133  -0.000468748   -0.00133835
  -0.00038416  -0.000262124   -0.00100627  2.98882e-005  -0.000446681

End of matrix C2
Matrix C3
-5.80853e-005  -0.000542395   0.000343913  -0.000538812  1.80927e-005
  0.000372917  1.53098e-005  -0.000261193   0.000232465  9.87492e-005
   0.00106268   0.000186287   0.000511363    0.00039027 -6.11812e-005
 -0.000166704  -0.000345405   0.000657261  -0.000468517   -0.00133479
  -0.00038887  -0.000261107   -0.00100754  2.37868e-005   -0.00044646

End of matrix C3
Matrix C4
 -5.0763e-005  -0.000540214   0.000346733  -0.000534554  1.71616e-005
  0.000373952  1.87836e-005  -0.000259986   0.000231794   0.000100246
   0.00106799   0.000189123   0.000518742    0.00039336 -6.28616e-005
 -0.000163783  -0.000342619   0.000656074  -0.000464795   -0.00133737
  -0.00038753  -0.000262868   -0.00100819  2.58198e-005   -0.00043924

End of matrix C4
Matrix C5
-5.51258e-005   -0.00054064   0.000342069  -0.000536547  1.63813e-005
  0.000372829  1.95763e-005  -0.000262063   0.000232759   0.000101094
   0.00106377   0.000186749   0.000517047   0.000389572  -6.4711e-005
 -0.000168478   -0.00034263   0.000652275  -0.000464027   -0.00133595
 -0.000382409  -0.000259785    -0.0010097  2.92358e-005  -0.000441633

End of matrix C5
Matrix R
-6.96548e-005  -0.000539177   0.000348587  -0.000544929  2.90975e-005
  0.000362952  1.65312e-005  -0.000264982    0.00022748   0.000110183
   0.00106445   0.000180411   0.000548676   0.000376226 -9.09942e-005
 -0.000161289  -0.000342369   0.000656175  -0.000454353   -0.00132959
 -0.000403496  -0.000261075    -0.0010075  1.94007e-005   -0.00043568
-6.50415e-006 -9.21118e-005  -0.000340849 -3.62281e-005   0.000428387
  0.000188252  -0.000374338   0.000699612   0.000402713  -0.000168683
  0.000336153   0.000605823  2.37351e-005  -0.000142793    0.00057415
 -0.000656638 -6.50557e-005  -0.000237071  3.73565e-005   0.000836153
-5.07119e-006   -0.00020278  -0.000158611  -0.000301112  -0.000796257
 -0.000491966   0.000398523   0.000559479   -0.00065636  -0.000483884
  0.000786606  8.01094e-005 -8.14765e-005    0.00071202  -0.000996666
  0.000284037 -8.16779e-006   0.000264645  -0.000599845    0.00055576
  0.000278613   -0.00071803 -5.35148e-005    0.00047152  -0.000110234
 -0.000208508  -0.000523643 -6.91375e-005  -0.000549369   0.000372629
 -3.9838e-005  4.99652e-005 -3.18575e-005  9.78863e-006   0.000572207
-7.88915e-005   0.000663032   0.000553181    0.00022477  6.26557e-005
 2.70209e-005  6.33647e-005  -0.000926036   0.000495697  -0.000111398
  0.000463906   0.000495953  -0.000369175  2.30939e-005    0.00100403
 -6.0928e-005   0.000389411   -0.00142776   0.000672385  -0.000130769
 -0.000247264  -0.000205569  -0.000290347    0.00080175   0.000456005
    0.0002435  -0.000620953   0.000281635   0.000272106 -7.19985e-005
 -0.000463057  -0.000493846  -0.000354751   0.000460488  -0.000190298
  0.000596536  -0.000180509  -0.000168468  -0.000228669  -0.000138589
  0.000596665   0.000274461   0.000361119   0.000666487  -0.000824936
  0.000449094  3.58334e-005  -0.000514388   0.000829608   0.000359581
 7.69928e-005 -7.38894e-005   -0.00093693   0.000287087    0.00123571
  0.000400707  -0.000975816  -0.000521724   -0.00106547  -0.000505478
-7.70717e-005  -0.000132467   0.000585924   0.000453957    0.00101921
 -0.000249738  -0.000536023   0.000160602   0.000156378   -0.00106278
-7.71844e-005   0.000600306   0.000783382  -0.000196957   0.000527482
  0.000407713   0.000124038    0.00020026  5.61496e-006  -0.000109796
 -0.000734556   0.000114415   0.000720984   0.000439238  -0.000414401
 -0.000709834  -0.000323791  -0.000157082  -0.000246798  -0.000415443
   0.00112359   -0.00124687   0.000125633  -0.000132159  -0.000903857
  0.000416572 -4.83483e-006  -0.000247232   0.000129009   0.000842685
-9.08187e-005  -0.000111694  -0.000475465   0.000149158    -0.0002469
 -0.000788344   0.000122765   0.000185053   0.000991875  -0.000288813
  0.000116725   -0.00071833  -0.000133845  -0.000627101   0.000446425
   0.00024927  -0.000376855   0.000405219   0.000379064   0.000407863
-5.91767e-005  2.39269e-005     0.0003223  -0.000589808  -0.000653017
  -0.00031456   -0.00015486    -0.0001544   0.000203199  7.25272e-005
-7.45137e-005  1.93868e-005 -5.22656e-005  2.63086e-005   -0.00037293
 1.68962e-005  -0.000359969   0.000265086  -0.000134142  -0.000406908
  0.000400907  -0.000900628   0.000397671   0.000517543 -9.13547e-005
End of matrix R
Epoch number: 4
Matrix C1
-5.81481e-005  -0.000541596   0.000345207  -0.000539618   1.9961e-005
  0.000374184  1.54448e-005  -0.000259826    0.00023118   0.000102522
    0.0010596   0.000184427   0.000513696   0.000393655 -6.33511e-005
 -0.000164413  -0.000342732   0.000656916  -0.000469825   -0.00133178
 -0.000388404  -0.000261735   -0.00100907  2.52024e-005  -0.000442935

End of matrix C1
Matrix C2
-5.71811e-005  -0.000539596   0.000341617  -0.000535524  1.30758e-005
  0.000371178  1.59853e-005  -0.000263196   0.000230414   0.000101515
   0.00106512   0.000187202   0.000512378   0.000395292 -6.37759e-005
 -0.000169487  -0.000342007   0.000651548  -0.000468987   -0.00133897
 -0.000383538  -0.000262507    -0.0010059  3.12125e-005   -0.00044653

End of matrix C2
Matrix C3
-5.72744e-005  -0.000542121   0.000344453  -0.000539172  1.84943e-005
  0.000373059  1.48889e-005  -0.000260592   0.000232799  9.82906e-005
   0.00106281   0.000186419   0.000511627   0.000389863 -6.04225e-005
 -0.000166233  -0.000345928    0.00065813  -0.000468694   -0.00133441
 -0.000389584  -0.000261196   -0.00100752  2.33837e-005  -0.000446238

End of matrix C3
Matrix C4
 -4.7875e-005  -0.000539322   0.000348098  -0.000533711  1.72927e-005
  0.000374383  1.93396e-005  -0.000259038   0.000231942   0.000100208
   0.00106966    0.00019007   0.000521116   0.000393837 -6.25916e-005
   -0.0001625  -0.000342358   0.000656624  -0.000463924   -0.00133771
 -0.000387874  -0.000263463   -0.00100839  2.59922e-005  -0.000436987

End of matrix C4
Matrix C5
-5.34768e-005  -0.000539866   0.000342091   -0.00053626  1.62985e-005
   0.00037295  2.03548e-005   -0.00026171   0.000233182   0.000101289
    0.0010642   0.000187014   0.000518931   0.000388969  -6.4943e-005
 -0.000168507  -0.000342369   0.000651732   -0.00046293    -0.0013359
 -0.000381311   -0.00025951   -0.00101029  3.03601e-005  -0.000440042

End of matrix C5
Matrix R
-7.20384e-005  -0.000538001   0.000350337  -0.000546966  3.25656e-005
  0.000360334    1.646e-005  -0.000265551   0.000226454   0.000112942
   0.00106535   0.000178896   0.000559653   0.000372167 -9.86442e-005
 -0.000159286  -0.000342035    0.00065674   -0.00045054   -0.00132777
 -0.000408303  -0.000261163   -0.00100763  1.77847e-005  -0.000432455
-6.49033e-006 -9.20538e-005  -0.000341165 -3.60544e-005   0.000428177
  0.000188187  -0.000374261   0.000699181    0.00040264  -0.000168986
  0.000336126   0.000605837  2.38857e-005  -0.000142849   0.000573787
 -0.000656507 -6.49264e-005  -0.000237515  3.76938e-005   0.000836015
-5.06198e-006  -0.000202783  -0.000158895  -0.000300454  -0.000795732
 -0.000491363   0.000398505    0.00056147  -0.000654546   -0.00048337
  0.000787116  8.03118e-005  -8.1627e-005   0.000712846  -0.000996628
  0.000284111 -8.47712e-006   0.000266606  -0.000600107   0.000555013
  0.000278615  -0.000718084 -5.25176e-005   0.000471822  -0.000110472
 -0.000208395  -0.000523504 -6.96172e-005  -0.000549066   0.000372506
-3.94258e-005  5.05344e-005 -3.14482e-005   9.9244e-006   0.000572575
-7.88733e-005   0.000662798   0.000553776   0.000224626  6.16159e-005
 2.63172e-005  6.33301e-005  -0.000925997   0.000495807  -0.000110929
  0.000463606   0.000496097  -0.000368685  2.36115e-005    0.00100449
-6.09321e-005   0.000389829   -0.00142763   0.000672323  -0.000130364
 -0.000247246  -0.000205458  -0.000290411   0.000801808   0.000455561
  0.000242912  -0.000621058   0.000281895   0.000270999 -7.29675e-005
 -0.000463161  -0.000493673  -0.000355494   0.000460936  -0.000189909
  0.000595072  -0.000181027  -0.000168415  -0.000229793  -0.000139046
  0.000596089   0.000274681   0.000364587    0.00066803  -0.000824244
  0.000449248  3.60345e-005  -0.000514516   0.000829925   0.000359712
  7.6463e-005 -7.38518e-005   -0.00093797   0.000286741    0.00123584
   0.00040084  -0.000975684  -0.000522139   -0.00106511  -0.000505522
-7.69267e-005  -0.000132316   0.000585618    0.00045435    0.00101913
 -0.000249682  -0.000535896   0.000160178    0.00015671   -0.00106286
-7.71993e-005   0.000600414   0.000782871   -0.00019677   0.000527295
  0.000407878   0.000124184   0.000199795  6.03031e-006   -0.00010981
 -0.000734449   0.000114565   0.000720477   0.000439561  -0.000414489
 -0.000709716  -0.000323641  -0.000157553  -0.000246463  -0.000415537
   0.00112365   -0.00124673   0.000125234   -0.00013189  -0.000903967
  0.000416659 -4.68392e-006  -0.000247741   0.000129302   0.000842607
-9.03638e-005  -0.000111619   -0.00047585   0.000150424  -0.000246725
  -0.00078834   0.000122865   0.000184544   0.000992139  -0.000288968
   0.00011684  -0.000718183  -0.000134354  -0.000626776   0.000446336
  0.000249325  -0.000376718   0.000404731   0.000379298   0.000407728
-5.90616e-005  2.40776e-005   0.000321799  -0.000589474  -0.000653111
 -0.000314442  -0.000154709  -0.000154904   0.000203538   7.2437e-005
-7.43954e-005  1.95369e-005  -5.2765e-005  2.66402e-005  -0.000373023
 1.70121e-005  -0.000359819   0.000264579   -0.00013381     -0.000407
  0.000401017  -0.000900476   0.000397171   0.000517877 -9.14413e-005
End of matrix R
Epoch number: 5
Matrix C1
-5.75627e-005  -0.000541238   0.000345871  -0.000540045  2.06277e-005
  0.000374549  1.51675e-005  -0.000259119   0.000231164    0.00010296
    0.0010591    0.00018415   0.000514363   0.000394068 -6.32649e-005
 -0.000163603  -0.000342571   0.000657483  -0.000470225   -0.00133089
 -0.000388827  -0.000261928   -0.00100939  2.52079e-005  -0.000442066

End of matrix C1
Matrix C2
-5.64087e-005  -0.000538827   0.000341551  -0.000535105  1.23337e-005
  0.000370927  1.58174e-005  -0.000263179   0.000230244   0.000101747
   0.00106573   0.000187495   0.000512789   0.000396023 -6.37563e-005
 -0.000169729  -0.000341696   0.000651005  -0.000469211   -0.00133955
 -0.000382962  -0.000262865   -0.00100556  3.24437e-005  -0.000446401

End of matrix C2
Matrix C3
-5.65223e-005   -0.00054187   0.000344971  -0.000539513  1.88631e-005
   0.00037319  1.44973e-005  -0.000260032   0.000233109  9.78604e-005
   0.00106295   0.000186547   0.000511879   0.000389485  -5.9722e-005
 -0.000165798  -0.000346417   0.000658942   -0.00046886   -0.00133406
 -0.000390252  -0.000261277   -0.00100751  2.30041e-005  -0.000446039

End of matrix C3
Matrix C4
-4.51849e-005  -0.000538495   0.000349396  -0.000532934   1.7408e-005
  0.000374783   1.9856e-005  -0.000258152    0.00023208   0.000100169
   0.00107124   0.000190961   0.000523343   0.000394286 -6.23514e-005
 -0.000161315  -0.000342118   0.000657147  -0.000463117   -0.00133804
 -0.000388201   -0.00026402   -0.00100859   2.6149e-005  -0.000434901

End of matrix C4
Matrix C5
-5.19437e-005  -0.000539147   0.000342128  -0.000535997  1.62168e-005
  0.000373065  2.10775e-005  -0.000261381   0.000233577   0.000101465
   0.00106462   0.000187267   0.000520696   0.000388407 -6.51616e-005
 -0.000168537  -0.000342128   0.000651229  -0.000461909   -0.00133586
 -0.000380298  -0.000259257   -0.00101084  3.13987e-005  -0.000438567

End of matrix C5
Matrix R
-7.42316e-005  -0.000536913    0.00035194  -0.000548848   3.5775e-005
  0.000357919  1.63954e-005   -0.00026612   0.000225516   0.000115503
   0.00106632   0.000177495   0.000569952    0.00036851   -0.00010577
 -0.000157427  -0.000341728    0.00065727  -0.000447003    -0.0013261
 -0.000412764  -0.000261247   -0.00100783  1.62897e-005  -0.000429475
-6.48098e-006 -9.20025e-005  -0.000341458 -3.58958e-005   0.000427982
  0.000188124  -0.000374191   0.000698781   0.000402571   -0.00016927
  0.000336105   0.000605848  2.40305e-005  -0.000142897   0.000573449
  -0.00065639 -6.48093e-005  -0.000237927  3.80048e-005   0.000835885
-5.05535e-006  -0.000202789  -0.000159162  -0.000299844  -0.000795248
 -0.000490799   0.000398485   0.000563313  -0.000652862  -0.000482912
  0.000787588  8.04975e-005 -8.17679e-005   0.000713614  -0.000996596
  0.000284207 -8.76436e-006   0.000268438  -0.000600333    0.00055432
  0.000278625  -0.000718136  -5.1585e-005    0.00047211  -0.000110697
 -0.000208294  -0.000523378  -7.0062e-005  -0.000548788   0.000372391
-3.90341e-005  5.10613e-005 -3.10746e-005  1.00624e-005   0.000572915
-7.88519e-005   0.000662579    0.00055433   0.000224495   6.0644e-005
 2.56608e-005  6.32954e-005  -0.000925966    0.00049591  -0.000110493
  0.000463336   0.000496232   -0.00036823  2.41009e-005    0.00100493
-6.09324e-005   0.000390215   -0.00142751   0.000672272  -0.000129989
 -0.000247231  -0.000205358  -0.000290468   0.000801861   0.000455147
  0.000242364  -0.000621158   0.000282137   0.000269968 -7.38689e-005
 -0.000463261  -0.000493516  -0.000356189   0.000461351  -0.000189549
  0.000593711  -0.000181512  -0.000168372  -0.000230843  -0.000139472
  0.000595572   0.000274888   0.000367806   0.000669477  -0.000823627
   0.00044939  3.62192e-005  -0.000514641   0.000830222   0.000359834
 7.59672e-005   -7.382e-005  -0.000938942   0.000286416    0.00123596
  0.000400959  -0.000975564  -0.000522523   -0.00106478  -0.000505565
-7.67958e-005  -0.000132178   0.000585335   0.000454711    0.00101906
 -0.000249635  -0.000535781   0.000159784   0.000157016   -0.00106293
-7.72176e-005   0.000600511   0.000782396  -0.000196599   0.000527121
  0.000408026   0.000124316   0.000199363  6.41268e-006  -0.000109824
 -0.000734354     0.0001147   0.000720006   0.000439857  -0.000414571
 -0.000709612  -0.000323505   -0.00015799  -0.000246155  -0.000415626
    0.0011237   -0.00124661   0.000124865  -0.000131644   -0.00090407
  0.000416734 -4.54651e-006  -0.000248213   0.000129572   0.000842534
-8.99457e-005  -0.000111552  -0.000476208   0.000151597  -0.000246566
 -0.000788341   0.000122954   0.000184072   0.000992381  -0.000289113
  0.000116942  -0.000718049  -0.000134827  -0.000626477   0.000446251
  0.000249371  -0.000376593   0.000404277   0.000379513   0.000407602
  -5.896e-005  2.42148e-005   0.000321334  -0.000589167  -0.000653199
 -0.000314339  -0.000154573  -0.000155372    0.00020385  7.23519e-005
-7.42908e-005  1.96735e-005 -5.32285e-005  2.69446e-005   -0.00037311
 1.71144e-005  -0.000359683   0.000264108  -0.000133504  -0.000407087
  0.000401114  -0.000900338   0.000396707   0.000518183 -9.15231e-005
End of matrix R
Epoch number: 6
Matrix C1
-5.70139e-005  -0.000540907   0.000346503  -0.000540449  2.12469e-005
  0.000374891  1.49086e-005  -0.000258459   0.000231149   0.000103367
   0.00105864   0.000183895    0.00051499   0.000394459 -6.31949e-005
 -0.000162847  -0.000342424   0.000658016  -0.000470602   -0.00133006
 -0.000389224  -0.000262108    -0.0010097  2.52146e-005  -0.000441261

End of matrix C1
Matrix C2
-5.56884e-005  -0.000538112   0.000341502  -0.000534714  1.16343e-005
  0.000370694  1.56602e-005  -0.000263166   0.000230086   0.000101963
   0.00106631   0.000187775   0.000513179   0.000396707 -6.37421e-005
 -0.000169961  -0.000341408   0.000650497  -0.000469422   -0.00134009
 -0.000382422  -0.000263203   -0.00100525  3.35949e-005   -0.00044629

End of matrix C2
Matrix C3
-5.58213e-005  -0.000541639   0.000345469  -0.000539837  1.92051e-005
  0.000373314  1.41312e-005  -0.000259508   0.000233397  9.74559e-005
   0.00106309   0.000186669    0.00051212   0.000389131 -5.90729e-005
 -0.000165393  -0.000346877   0.000659704  -0.000469018   -0.00133374
 -0.000390881  -0.000261352    -0.0010075  2.26457e-005  -0.000445859

End of matrix C3
Matrix C4
-4.26673e-005  -0.000537724   0.000350634   -0.00053221   1.7509e-005
  0.000375156  2.03379e-005  -0.000257322   0.000232208    0.00010013
   0.00107274   0.000191802   0.000525442   0.000394708 -6.21379e-005
 -0.000160213  -0.000341895   0.000657644  -0.000462366   -0.00133835
 -0.000388513  -0.000264543   -0.00100879  2.62943e-005  -0.000432955

End of matrix C4
Matrix C5
-5.05105e-005  -0.000538477   0.000342179  -0.000535754  1.61358e-005
  0.000373174  2.17519e-005  -0.000261074   0.000233947   0.000101626
   0.00106502   0.000187508   0.000522357    0.00038788 -6.53694e-005
 -0.000168569  -0.000341904   0.000650759  -0.000460955   -0.00133583
 -0.000379358  -0.000259022   -0.00101136  3.23634e-005  -0.000437193

End of matrix C5
Matrix R
-7.62612e-005  -0.000535901   0.000353417  -0.000550595  3.87607e-005
  0.000355677  1.63366e-005  -0.000266686   0.000224652   0.000117892
   0.00106733   0.000176193    0.00057965   0.000365197  -0.000112437
 -0.000155689  -0.000341443   0.000657768  -0.000443698   -0.00132454
 -0.000416926  -0.000261327   -0.00100808  1.48973e-005  -0.000426707
-6.47504e-006 -9.19568e-005  -0.000341732 -3.57503e-005   0.000427797
  0.000188062  -0.000374129   0.000698407   0.000402504  -0.000169535
  0.000336088   0.000605857  2.41698e-005  -0.000142938   0.000573133
 -0.000656285 -6.47024e-005  -0.000238311   3.8293e-005   0.000835763
-5.05093e-006  -0.000202799  -0.000159414  -0.000299278  -0.000794801
 -0.000490264   0.000398465   0.000565034  -0.000651283  -0.000482499
  0.000788028   8.0669e-005 -8.19007e-005   0.000714332  -0.000996568
   0.00028432 -9.03288e-006   0.000270161  -0.000600524    0.00055367
  0.000278641  -0.000718188 -5.07091e-005   0.000472386  -0.000110911
 -0.000208203  -0.000523262 -7.04766e-005  -0.000548531   0.000372282
-3.86615e-005  5.15513e-005 -3.07337e-005  1.02024e-005    0.00057323
-7.88305e-005   0.000662372    0.00055485   0.000224371  5.97316e-005
 2.50462e-005  6.32593e-005  -0.000925941   0.000496006  -0.000110089
   0.00046309   0.000496359  -0.000367809  2.45641e-005    0.00100533
-6.09299e-005   0.000390574   -0.00142741   0.000672228   -0.00012964
 -0.000247219  -0.000205267  -0.000290519   0.000801912   0.000454758
  0.000241851  -0.000621254   0.000282366   0.000269003 -7.47127e-005
 -0.000463359  -0.000493371  -0.000356841   0.000461736  -0.000189215
  0.000592436  -0.000181969  -0.000168335  -0.000231828  -0.000139873
  0.000595108   0.000275084   0.000370809   0.000670843  -0.000823071
  0.000449522   3.6389e-005  -0.000514758   0.000830499   0.000359947
 7.55001e-005 -7.37924e-005  -0.000939857   0.000286111    0.00123606
  0.000401065  -0.000975454  -0.000522882   -0.00106447  -0.000505607
 -7.6677e-005  -0.000132052    0.00058507   0.000455046    0.00101899
 -0.000249595  -0.000535676   0.000159416   0.000157298     -0.001063
-7.72386e-005     0.0006006   0.000781953  -0.000196443   0.000526957
   0.00040816   0.000124437   0.000198959  6.76672e-006  -0.000109839
 -0.000734271   0.000114825   0.000719567   0.000440131  -0.000414649
 -0.000709519   -0.00032338  -0.000158397   -0.00024587   -0.00041571
   0.00112375    -0.0012465    0.00012452  -0.000131416  -0.000904168
  0.000416799  -4.4206e-006  -0.000248655    0.00012982   0.000842464
-8.95597e-005  -0.000111492  -0.000476541    0.00015269   -0.00024642
 -0.000788347   0.000123035    0.00018363   0.000992603   -0.00028925
  0.000117032  -0.000717926  -0.000135268    -0.0006262   0.000446171
   0.00024941   -0.00037648   0.000403854   0.000379709   0.000407482
-5.88697e-005  2.43404e-005     0.0003209  -0.000588883  -0.000653283
 -0.000314246  -0.000154447  -0.000155809   0.000204138  7.22715e-005
-7.41977e-005  1.97985e-005 -5.36611e-005  2.72257e-005  -0.000373192
 1.72054e-005  -0.000359558   0.000263669  -0.000133222  -0.000407169
    0.0004012  -0.000900211   0.000396273   0.000518466 -9.16004e-005
End of matrix R
Epoch number: 7
Matrix C1
-5.64969e-005  -0.000540599   0.000347106  -0.000540831  2.18245e-005
  0.000375213  1.46657e-005  -0.000257842   0.000231136   0.000103746
   0.00105823   0.000183661   0.000515581   0.000394828  -6.3137e-005
 -0.000162139   -0.00034229    0.00065852  -0.000470958   -0.00132929
 -0.000389599  -0.000262277   -0.00101001  2.52212e-005  -0.000440513

End of matrix C1
Matrix C2
-5.50133e-005  -0.000537442   0.000341467  -0.000534348  1.09744e-005
  0.000370475  1.55125e-005  -0.000263157   0.000229938   0.000102164
   0.00106686   0.000188044   0.000513552   0.000397349 -6.37306e-005
 -0.000170185   -0.00034114   0.000650021  -0.000469621   -0.00134061
 -0.000381917  -0.000263521   -0.00100497  3.46759e-005  -0.000446194

End of matrix C2
Matrix C3
-5.51646e-005  -0.000541426    0.00034595  -0.000540146   1.9523e-005
   0.00037343  1.37878e-005  -0.000259015   0.000233666  9.70735e-005
   0.00106323   0.000186788   0.000512352   0.000388797 -5.84681e-005
 -0.000165015  -0.000347311   0.000660421  -0.000469168   -0.00133343
 -0.000391474  -0.000261422    -0.0010075  2.23066e-005  -0.000445695

End of matrix C3
Matrix C4
-4.03001e-005  -0.000537003   0.000351818  -0.000531535  1.75989e-005
  0.000375506  2.07899e-005  -0.000256541   0.000232329   0.000100091
   0.00107418   0.000192601   0.000527426   0.000395107 -6.19459e-005
 -0.000159184  -0.000341689   0.000658118  -0.000461662   -0.00133865
 -0.000388812  -0.000265037     -0.001009  2.64284e-005  -0.000431137

End of matrix C4
Matrix C5
-4.91651e-005   -0.00053785   0.000342241  -0.000535528  1.60559e-005
  0.000373278  2.23842e-005  -0.000260785   0.000234296   0.000101771
   0.00106541    0.00018774   0.000523928   0.000387386 -6.55671e-005
 -0.000168601  -0.000341696   0.000650319  -0.000460058    -0.0013358
 -0.000378481  -0.000258803   -0.00101185  3.32631e-005  -0.000435906

End of matrix C5
Matrix R
-7.81484e-005  -0.000534958   0.000354784  -0.000552226  4.15494e-005
   0.00035359  1.62833e-005  -0.000267246   0.000223854   0.000120133
   0.00106837   0.000174977   0.000588825   0.000362177  -0.000118705
 -0.000154059  -0.000341178   0.000658238  -0.000440601   -0.00132309
 -0.000420822  -0.000261404   -0.00100836  1.36004e-005  -0.000424126
-6.47263e-006 -9.19157e-005   -0.00034199 -3.56155e-005   0.000427624
  0.000188002  -0.000374072   0.000698058   0.000402439  -0.000169786
  0.000336076   0.000605865  2.43041e-005  -0.000142974   0.000572836
 -0.000656189 -6.46043e-005   -0.00023867  3.85615e-005   0.000835647
-5.04658e-006   -0.00020281  -0.000159652  -0.000298748  -0.000794385
 -0.000489759   0.000398444   0.000566643    -0.0006498  -0.000482126
   0.00078844  8.08281e-005 -8.20264e-005   0.000715005  -0.000996543
  0.000284445  -9.2852e-006   0.000271791   -0.00060069   0.000553057
   0.00027866  -0.000718237 -4.98832e-005   0.000472649  -0.000111115
 -0.000208122  -0.000523156  -7.0865e-005  -0.000548292    0.00037218
-3.83055e-005    5.201e-005 -3.04163e-005  1.03422e-005   0.000573522
-7.88082e-005   0.000662176   0.000555338   0.000224255  5.88716e-005
 2.44677e-005   6.3223e-005  -0.000925921   0.000496095  -0.000109712
  0.000462866    0.00049648  -0.000367415  2.50057e-005    0.00100571
-6.09251e-005   0.000390909   -0.00142731   0.000672192  -0.000129313
 -0.000247209  -0.000205183  -0.000290565   0.000801959   0.000454391
  0.000241367  -0.000621347   0.000282581   0.000268094 -7.55063e-005
 -0.000463455  -0.000493238  -0.000357456   0.000462095  -0.000188904
  0.000591241    -0.0001824  -0.000168305  -0.000232754  -0.000140251
  0.000594685   0.000275271   0.000373623   0.000672133  -0.000822567
  0.000449645  3.65457e-005   -0.00051487   0.000830759    0.00036005
 7.50625e-005 -7.37693e-005  -0.000940717   0.000285824    0.00123616
  0.000401161  -0.000975353  -0.000523219   -0.00106419  -0.000505647
-7.65686e-005  -0.000131935   0.000584823   0.000455358    0.00101892
 -0.000249562   -0.00053558   0.000159072    0.00015756   -0.00106306
-7.72619e-005   0.000600681   0.000781538  -0.000196299   0.000526802
  0.000408282   0.000124548   0.000198579  7.09606e-006  -0.000109854
 -0.000734197   0.000114939   0.000719154   0.000440384  -0.000414723
 -0.000709436  -0.000323265  -0.000158779  -0.000245606   -0.00041579
   0.00112379    -0.0012464   0.000124197  -0.000131206   -0.00090426
  0.000416857 -4.30462e-006  -0.000249069   0.000130051   0.000842398
-8.92017e-005  -0.000111438  -0.000476853   0.000153712  -0.000246285
 -0.000788358   0.000123109   0.000183216    0.00099281  -0.000289379
  0.000117113  -0.000717813  -0.000135681  -0.000625944   0.000446095
  0.000249441  -0.000376375   0.000403458   0.000379891   0.000407369
-5.87892e-005   2.4456e-005   0.000320493   -0.00058862  -0.000653362
 -0.000314164  -0.000154332  -0.000156219   0.000204406  7.21953e-005
-7.41147e-005  1.99137e-005 -5.40668e-005  2.74866e-005   -0.00037327
 1.72865e-005  -0.000359443   0.000263257   -0.00013296  -0.000407247
  0.000401277  -0.000900094   0.000395867   0.000518729 -9.16738e-005
End of matrix R
Epoch number: 8
Matrix C1
-5.60071e-005  -0.000540313   0.000347684  -0.000541194   2.2365e-005
  0.000375517  1.44374e-005  -0.000257261   0.000231123   0.000104102
   0.00105786   0.000183444   0.000516143   0.000395178 -6.30897e-005
 -0.000161473  -0.000342166   0.000658998  -0.000471295   -0.00132856
 -0.000389954  -0.000262436    -0.0010103  2.52276e-005  -0.000439813

End of matrix C1
Matrix C2
-5.43765e-005  -0.000536814   0.000341446  -0.000534003   1.0349e-005
  0.000370269  1.53733e-005   -0.00026315     0.0002298   0.000102351
    0.0010674   0.000188301    0.00051391   0.000397953 -6.37221e-005
   -0.0001704  -0.000340889   0.000649572  -0.000469811   -0.00134109
 -0.000381442  -0.000263823   -0.00100471  3.56931e-005   -0.00044611

End of matrix C2
Matrix C3
-5.45455e-005  -0.000541228   0.000346415  -0.000540442  1.98196e-005
  0.000373539  1.34643e-005   -0.00025855   0.000233918  9.67104e-005
   0.00106338   0.000186902   0.000512576   0.000388482 -5.79018e-005
 -0.000164661  -0.000347722   0.000661099  -0.000469312   -0.00133315
 -0.000392035  -0.000261486    -0.0010075  2.19847e-005  -0.000445546

End of matrix C3
Matrix C4
-3.80657e-005  -0.000536325   0.000352954  -0.000530902  1.76787e-005
  0.000375836   2.1215e-005  -0.000255803   0.000232443   0.000100051
   0.00107555   0.000193359   0.000529311   0.000395487 -6.17725e-005
 -0.000158219  -0.000341496   0.000658571  -0.000461002   -0.00133893
 -0.000389098  -0.000265504    -0.0010092  2.65529e-005  -0.000429427

End of matrix C4
Matrix C5
-4.78969e-005   -0.00053726    0.00034231  -0.000535316  1.59768e-005
  0.000373377  2.29789e-005  -0.000260514   0.000234625   0.000101905
   0.00106578   0.000187962   0.000525417    0.00038692 -6.57559e-005
 -0.000168633  -0.000341501   0.000649906  -0.000459214   -0.00133579
 -0.000377661  -0.000258599   -0.00101232  3.41062e-005  -0.000434696

End of matrix C5
Matrix R
-7.99128e-005  -0.000534072   0.000356056  -0.000553759  4.41646e-005
  0.000351634  1.62343e-005  -0.000267801   0.000223111   0.000122239
   0.00106944   0.000173837   0.000597539   0.000359411  -0.000124624
 -0.000152525   -0.00034093   0.000658685  -0.000437687   -0.00132174
 -0.000424494  -0.000261478   -0.00100868  1.23763e-005  -0.000421707
-6.47232e-006 -9.18785e-005  -0.000342233 -3.54901e-005   0.000427461
  0.000187943  -0.000374021   0.000697729   0.000402377  -0.000170023
  0.000336067   0.000605871  2.44339e-005  -0.000143005   0.000572555
 -0.000656102 -6.45136e-005  -0.000239007  3.88129e-005   0.000835538
-5.04721e-006  -0.000202824  -0.000159879  -0.000298253  -0.000793996
 -0.000489281   0.000398424   0.000568155  -0.000648404  -0.000481787
  0.000788827  8.09767e-005 -8.21456e-005   0.000715639  -0.000996522
   0.00028458 -9.52251e-006   0.000273336  -0.000600835   0.000552476
  0.000278682  -0.000718286 -4.91012e-005   0.000472899   -0.00011131
 -0.000208048  -0.000523057 -7.12302e-005  -0.000548069   0.000372082
-3.79642e-005  5.24409e-005 -3.01216e-005  1.04825e-005   0.000573795
-7.87863e-005   0.000661991   0.000555799   0.000224144  5.80577e-005
  2.3922e-005  6.31868e-005  -0.000925905    0.00049618  -0.000109357
  0.000462659   0.000496594  -0.000367046  2.54247e-005    0.00100607
 -6.0918e-005   0.000391224   -0.00142723   0.000672162  -0.000129006
   -0.0002472  -0.000205106  -0.000290605   0.000802005   0.000454046
  0.000240911  -0.000621436   0.000282783   0.000267236 -7.62543e-005
 -0.000463547  -0.000493114  -0.000358038   0.000462433  -0.000188611
  0.000590112  -0.000182809   -0.00016828  -0.000233631  -0.000140608
  0.000594299   0.000275448   0.000376271   0.000673357  -0.000822108
   0.00044976  3.66923e-005  -0.000514979   0.000831005   0.000360151
  7.4646e-005 -7.37494e-005  -0.000941532   0.000285551    0.00123626
  0.000401249   -0.00097526  -0.000523535   -0.00106393  -0.000505685
-7.64688e-005  -0.000131826    0.00058459   0.000455651    0.00101886
 -0.000249534  -0.000535491   0.000158747   0.000157805   -0.00106312
-7.72865e-005   0.000600756   0.000781147  -0.000196166   0.000526657
  0.000408394   0.000124651   0.000198221  7.40411e-006  -0.000109869
 -0.000734131   0.000115046   0.000718766   0.000440621  -0.000414793
 -0.000709362  -0.000323159  -0.000159139   -0.00024536  -0.000415865
   0.00112382   -0.00124631   0.000123893  -0.000131009  -0.000904347
  0.000416908   -4.197e-006   -0.00024946   0.000130266   0.000842335
-8.88676e-005  -0.000111389  -0.000477146   0.000154673   -0.00024616
  -0.00078837   0.000123176   0.000182825   0.000993002  -0.000289501
  0.000117187  -0.000717708   -0.00013607  -0.000625705   0.000446024
  0.000249468  -0.000376279   0.000403084    0.00038006   0.000407263
-5.87166e-005  2.45633e-005    0.00032011  -0.000588374  -0.000653437
  -0.00031409  -0.000154225  -0.000156604   0.000204656  7.21232e-005
-7.40396e-005  2.00205e-005 -5.44484e-005  2.77302e-005  -0.000373344
 1.73597e-005  -0.000359336   0.000262869  -0.000132716  -0.000407321
  0.000401346  -0.000899985   0.000395485   0.000518974 -9.17432e-005
End of matrix R
Epoch number: 9
Matrix C1
 -5.5542e-005  -0.000540043   0.000348239  -0.000541539  2.28725e-005
  0.000375805  1.42215e-005  -0.000256714   0.000231112   0.000104437
   0.00105752   0.000183241   0.000516677   0.000395513 -6.30517e-005
 -0.000160844  -0.000342052   0.000659453  -0.000471617   -0.00132788
 -0.000390292  -0.000262586   -0.00101059  2.52341e-005  -0.000439158

End of matrix C1
Matrix C2
-5.37749e-005  -0.000536222   0.000341434  -0.000533678  9.75455e-006
  0.000370075  1.52417e-005  -0.000263145   0.000229671   0.000102527
   0.00106791   0.000188548   0.000514255   0.000398524 -6.37173e-005
 -0.000170607  -0.000340654   0.000649148  -0.000469991   -0.00134155
 -0.000380994   -0.00026411   -0.00100446  3.66546e-005  -0.000446039

End of matrix C2
Matrix C3
-5.39609e-005  -0.000541043   0.000346864  -0.000540724  2.00968e-005
  0.000373642  1.31586e-005   -0.00025811   0.000234156   9.6366e-005
   0.00106353   0.000187013   0.000512793   0.000388184 -5.73693e-005
 -0.000164327  -0.000348112   0.000661743   -0.00046945   -0.00133288
 -0.000392569  -0.000261547   -0.00100751  2.16778e-005   -0.00044541

End of matrix C3
Matrix C4
-3.59502e-005  -0.000535686   0.000354045  -0.000530305  1.77492e-005
  0.000376147  2.16165e-005  -0.000255102    0.00023255   0.000100011
   0.00107686   0.000194083   0.000531107   0.000395848 -6.16161e-005
 -0.000157311  -0.000341314   0.000659006  -0.000460379    -0.0013392
 -0.000389374  -0.000265948   -0.00100941  2.66688e-005  -0.000427817

End of matrix C4
Matrix C5
-4.66974e-005  -0.000536704   0.000342386  -0.000535118  1.58985e-005
  0.000373472  2.35409e-005  -0.000260257   0.000234937   0.000102028
   0.00106614   0.000188176   0.000526833   0.000386479 -6.59361e-005
 -0.000168665  -0.000341318   0.000649516  -0.000458415   -0.00133578
  -0.00037689  -0.000258407   -0.00101277  3.48984e-005  -0.000433555

End of matrix C5
Matrix R
-8.15657e-005  -0.000533238   0.000357244  -0.000555201  4.66293e-005
  0.000349792   1.6188e-005   -0.00026835   0.000222415   0.000124227
   0.00107052   0.000172763   0.000605835   0.000356867  -0.000130228
 -0.000151081  -0.000340698   0.000659105  -0.000434942   -0.00132047
 -0.000427962   -0.00026155   -0.00100901  1.12214e-005  -0.000419431
-6.47398e-006 -9.18446e-005  -0.000342463 -3.53731e-005   0.000427306
  0.000187886  -0.000373973    0.00069742   0.000402317  -0.000170247
  0.000336061   0.000605876  2.45596e-005  -0.000143031    0.00057229
 -0.000656021 -6.44296e-005  -0.000239325  3.90491e-005   0.000835434
 -5.0471e-006  -0.000202839  -0.000160095  -0.000297785  -0.000793631
 -0.000488826   0.000398404   0.000569581  -0.000647086  -0.000481477
  0.000789192  8.11158e-005 -8.22589e-005   0.000716239  -0.000996502
  0.000284723 -9.74724e-006   0.000274805  -0.000600961   0.000551926
  0.000278709  -0.000718333  -4.8359e-005   0.000473141  -0.000111496
 -0.000207981  -0.000522966 -7.15745e-005   -0.00054786    0.00037199
-3.76364e-005  5.28467e-005  -2.9847e-005  1.06232e-005   0.000574052
-7.87636e-005   0.000661814   0.000556235    0.00022404  5.72858e-005
  2.3405e-005   6.3151e-005  -0.000925894    0.00049626  -0.000109022
  0.000462467   0.000496703  -0.000366699  2.58246e-005     0.0010064
-6.09092e-005   0.000391519   -0.00142715   0.000672137  -0.000128717
 -0.000247193  -0.000205035  -0.000290642   0.000802048   0.000453717
   0.00024048  -0.000621522   0.000282974   0.000266425 -7.69617e-005
 -0.000463637  -0.000492998   -0.00035859    0.00046275  -0.000188335
  0.000589045  -0.000183198  -0.000168258  -0.000234462  -0.000140947
  0.000593946   0.000275618   0.000378771   0.000674521  -0.000821689
  0.000449868  3.68296e-005  -0.000515083   0.000831238   0.000360246
 7.42504e-005 -7.37323e-005  -0.000942307   0.000285292    0.00123635
  0.000401328  -0.000975174  -0.000523834   -0.00106368  -0.000505721
-7.63767e-005  -0.000131725   0.000584371   0.000455925     0.0010188
 -0.000249511  -0.000535409   0.000158441   0.000158034   -0.00106318
-7.73122e-005   0.000600824   0.000780777  -0.000196042   0.000526518
  0.000408496   0.000124747   0.000197883  7.69312e-006  -0.000109884
 -0.000734071   0.000115144   0.000718399   0.000440843  -0.000414859
 -0.000709294   -0.00032306  -0.000159478  -0.000245129  -0.000415937
   0.00112385   -0.00124622   0.000123606  -0.000130826   -0.00090443
  0.000416953 -4.09689e-006  -0.000249829   0.000130467   0.000842275
-8.85564e-005  -0.000111343  -0.000477422   0.000155575  -0.000246044
 -0.000788385   0.000123239   0.000182456   0.000993181  -0.000289617
  0.000117253   -0.00071761  -0.000136437   -0.00062548   0.000445955
   0.00024949  -0.000376189   0.000402732   0.000380217   0.000407162
 -5.8651e-005  2.46631e-005   0.000319749  -0.000588144  -0.000653508
 -0.000314023  -0.000154125  -0.000156968   0.000204889  7.20546e-005
-7.39717e-005  2.01199e-005 -5.48088e-005  2.79583e-005  -0.000373414
 1.74258e-005  -0.000359237   0.000262503  -0.000132487  -0.000407391
  0.000401408  -0.000899885   0.000395124   0.000519204 -9.18093e-005
End of matrix R
Epoch number: 10
Matrix C1
-5.50978e-005  -0.000539791   0.000348773  -0.000541869   2.3352e-005
   0.00037608   1.4016e-005  -0.000256196   0.000231102   0.000104754
   0.00105721   0.000183053    0.00051719   0.000395833 -6.30226e-005
 -0.000160247  -0.000341946   0.000659886  -0.000471923   -0.00132723
 -0.000390613  -0.000262729   -0.00101087  2.52418e-005  -0.000438537

End of matrix C1
Matrix C2
-5.32037e-005  -0.000535662   0.000341433   -0.00053337  9.18608e-006
  0.000369892  1.51162e-005  -0.000263141   0.000229548   0.000102694
   0.00106841   0.000188787    0.00051459   0.000399063 -6.37134e-005
 -0.000170807  -0.000340433   0.000648745  -0.000470163   -0.00134199
 -0.000380569  -0.000264385   -0.00100424   3.7569e-005  -0.000445975

End of matrix C2
Matrix C3
-5.34058e-005  -0.000540869   0.000347299  -0.000540995  2.03577e-005
  0.000373741  1.28678e-005  -0.000257691   0.000234382  9.60351e-005
   0.00106368   0.000187122   0.000513007   0.000387901 -5.68696e-005
 -0.000164012  -0.000348485   0.000662355  -0.000469581   -0.00133263
 -0.000393078  -0.000261603   -0.00100752  2.13849e-005  -0.000445283

End of matrix C3
Matrix C4
-3.39378e-005   -0.00053508   0.000355097   -0.00052974  1.78131e-005
  0.000376442  2.19972e-005  -0.000254435   0.000232653  9.99716e-005
   0.00107813   0.000194775   0.000532826   0.000396193 -6.14749e-005
 -0.000156452  -0.000341144   0.000659422  -0.000459789   -0.00133946
 -0.000389639  -0.000266371   -0.00100961   2.6781e-005   -0.00042629

End of matrix C4
Matrix C5
-4.55581e-005  -0.000536177   0.000342468  -0.000534932  1.58225e-005
  0.000373562  2.40726e-005  -0.000260013   0.000235233   0.000102139
   0.00106649   0.000188383   0.000528188   0.000386058 -6.61107e-005
 -0.000168697  -0.000341145   0.000649144  -0.000457655   -0.00133577
 -0.000376162  -0.000258226   -0.00101319  3.56471e-005  -0.000432472

End of matrix C5
Matrix R
-8.31246e-005  -0.000532452   0.000358358  -0.000556567  4.89528e-005
  0.000348057  1.61454e-005  -0.000268892   0.000221767    0.00012611
   0.00107162   0.000171748   0.000613768   0.000354514  -0.000135561
 -0.000149699  -0.000340477   0.000659514  -0.000432322   -0.00131927
 -0.000431257   -0.00026162   -0.00100938  1.01225e-005  -0.000417278
-6.47789e-006 -9.18139e-005  -0.000342681 -3.52632e-005    0.00042716
  0.000187831   -0.00037393   0.000697127   0.000402259  -0.000170462
  0.000336058    0.00060588  2.46809e-005  -0.000143054   0.000572037
 -0.000655947 -6.43516e-005  -0.000239626  3.92717e-005   0.000835334
-5.04948e-006  -0.000202855  -0.000160303  -0.000297344  -0.000793287
 -0.000488385   0.000398383   0.000570933  -0.000645825  -0.000481192
  0.000789537  8.12463e-005 -8.23676e-005   0.000716807  -0.000996486
  0.000284878 -9.96046e-006   0.000276205   -0.00060106   0.000551405
   0.00027874  -0.000718378 -4.76531e-005   0.000473378  -0.000111674
  -0.00020792   -0.00052288  -7.1901e-005  -0.000547663   0.000371901
-3.73213e-005  5.32317e-005  -2.9586e-005  1.07605e-005   0.000574291
-7.87371e-005   0.000661646   0.000556651   0.000223948  5.65532e-005
 2.29137e-005  6.31145e-005  -0.000925885   0.000496336  -0.000108706
  0.000462288   0.000496806  -0.000366373  2.62069e-005    0.00100673
-6.08993e-005   0.000391798   -0.00142708   0.000672117  -0.000128444
 -0.000247187  -0.000204969  -0.000290676    0.00080209   0.000453405
  0.000240068  -0.000621606   0.000283156   0.000265649 -7.76357e-005
 -0.000463726   -0.00049289  -0.000359118    0.00046305  -0.000188074
  0.000588028  -0.000183569  -0.000168239  -0.000235258  -0.000141271
  0.000593622   0.000275779   0.000381138   0.000675634  -0.000821306
   0.00044997  3.69588e-005  -0.000515186    0.00083146    0.00036034
 7.38721e-005 -7.37184e-005  -0.000943046   0.000285043    0.00123643
  0.000401401  -0.000975093  -0.000524118   -0.00106344  -0.000505757
-7.62916e-005  -0.000131631   0.000584163   0.000456184    0.00101874
 -0.000249491  -0.000535332   0.000158151   0.000158249   -0.00106324
-7.73392e-005   0.000600888   0.000780427  -0.000195926   0.000526386
  0.000408591   0.000124837   0.000197562   7.9652e-006  -0.000109899
 -0.000734017   0.000115236   0.000718051   0.000441051  -0.000414923
 -0.000709233  -0.000322967    -0.0001598  -0.000244912  -0.000416006
   0.00112387   -0.00124614   0.000123333  -0.000130653  -0.000904509
  0.000416993 -4.00358e-006   -0.00025018   0.000130655   0.000842217
  -8.826e-005  -0.000111302  -0.000477683   0.000156437  -0.000245933
 -0.000788403   0.000123296   0.000182106   0.000993349  -0.000289729
  0.000117313   -0.00071752  -0.000136786  -0.000625269   0.000445889
  0.000249509  -0.000376106   0.000402398   0.000380365   0.000407065
-5.85919e-005   2.4756e-005   0.000319406  -0.000587927  -0.000653577
 -0.000313962  -0.000154032  -0.000157314   0.000205109  7.19884e-005
-7.39104e-005  2.02124e-005 -5.51507e-005  2.81726e-005  -0.000373482
 1.74853e-005  -0.000359144   0.000262155  -0.000132271  -0.000407458
  0.000401463  -0.000899791   0.000394781    0.00051942 -9.18731e-005
End of matrix R
Epoch number: 11
Matrix C1
-5.46754e-005  -0.000539553   0.000349287  -0.000542185  2.38045e-005
  0.000376341  1.38214e-005  -0.000255705   0.000231093   0.000105053
   0.00105693   0.000182875   0.000517676   0.000396139 -6.30004e-005
 -0.000159682  -0.000341847   0.000660301  -0.000472216   -0.00132662
 -0.000390921  -0.000262864   -0.00101114  2.52487e-005  -0.000437953

End of matrix C1
Matrix C2
-5.26618e-005  -0.000535132   0.000341437  -0.000533078  8.64442e-006
  0.000369718  1.49971e-005   -0.00026314   0.000229432    0.00010285
   0.00106889   0.000189017    0.00051491   0.000399577 -6.37128e-005
    -0.000171  -0.000340224   0.000648363  -0.000470327   -0.00134241
 -0.000380166  -0.000264646   -0.00100403  3.84359e-005   -0.00044592

End of matrix C2
Matrix C3
-5.28796e-005  -0.000540707   0.000347721  -0.000541256  2.06034e-005
  0.000373834  1.25922e-005  -0.000257293   0.000234595  9.57217e-005
   0.00106382   0.000187226    0.00051321   0.000387631 -5.63967e-005
 -0.000163713  -0.000348839   0.000662938  -0.000469708    -0.0013324
 -0.000393563  -0.000261657   -0.00100753   2.1105e-005  -0.000445167

End of matrix C3
Matrix C4
-3.20256e-005  -0.000534506   0.000356109  -0.000529207  1.78693e-005
  0.000376722  2.23585e-005  -0.000253801    0.00023275  9.99327e-005
   0.00107934   0.000195438   0.000534465   0.000396523 -6.13475e-005
 -0.000155639  -0.000340983   0.000659824  -0.000459231   -0.00133971
 -0.000389895  -0.000266774   -0.00100982  2.68831e-005  -0.000424843

End of matrix C4
Matrix C5
-4.44756e-005  -0.000535678   0.000342555  -0.000534756  1.57469e-005
   0.00037365  2.45776e-005  -0.000259781   0.000235515   0.000102245
   0.00106683   0.000188582    0.00052948    0.00038566 -6.62776e-005
 -0.000168728  -0.000340982   0.000648794  -0.000456935   -0.00133576
 -0.000375475  -0.000258055    -0.0010136  3.63542e-005  -0.000431447

End of matrix C5
Matrix R
-8.45935e-005  -0.000531708   0.000359404  -0.000557853  5.11577e-005
  0.000346418  1.61057e-005  -0.000269425   0.000221157   0.000127897
   0.00107272   0.000170789   0.000621342    0.00035234  -0.000140627
 -0.000148395   -0.00034027     0.0006599  -0.000429847   -0.00131814
  -0.00043437  -0.000261687   -0.00100975  9.09104e-006   -0.00041525
-6.48306e-006 -9.17859e-005  -0.000342888 -3.51605e-005    0.00042702
  0.000187776   -0.00037389   0.000696849   0.000402203  -0.000170665
  0.000336056   0.000605883  2.47992e-005  -0.000143074   0.000571797
 -0.000655879 -6.42788e-005  -0.000239911  3.94819e-005   0.000835239
-5.05165e-006  -0.000202872    -0.0001605  -0.000296927  -0.000792963
 -0.000487969   0.000398363   0.000572213  -0.000644633  -0.000480932
  0.000789864  8.13693e-005 -8.24712e-005   0.000717347   -0.00099647
   0.00028503 -1.01631e-005   0.000277543  -0.000601157   0.000550906
  0.000278771  -0.000718423 -4.69788e-005   0.000473603  -0.000111846
 -0.000207865  -0.000522801 -7.22105e-005  -0.000547478   0.000371817
 -3.7019e-005  5.35947e-005 -2.93468e-005  1.08984e-005    0.00057452
-7.87123e-005   0.000661485   0.000557046   0.000223856  5.58536e-005
 2.24461e-005  6.30788e-005   -0.00092588   0.000496407  -0.000108408
  0.000462123   0.000496905  -0.000366063  2.65741e-005    0.00100703
-6.08882e-005   0.000392063   -0.00142702     0.0006721  -0.000128184
 -0.000247182  -0.000204908  -0.000290707    0.00080213   0.000453107
  0.000239678  -0.000621686   0.000283329   0.000264916 -7.82742e-005
 -0.000463811  -0.000492789  -0.000359619   0.000463333  -0.000187829
  0.000587066  -0.000183923  -0.000168226   -0.00023601  -0.000141579
  0.000593322   0.000275934   0.000383385   0.000676694  -0.000820953
  0.000450067  3.70795e-005  -0.000515282   0.000831672   0.000360423
 7.35122e-005 -7.37061e-005  -0.000943749   0.000284807    0.00123651
  0.000401468  -0.000975019  -0.000524387   -0.00106322  -0.000505791
-7.62127e-005  -0.000131543   0.000583966   0.000456429    0.00101868
 -0.000249475  -0.000535261   0.000157875   0.000158452   -0.00106329
-7.73671e-005   0.000600947   0.000780095  -0.000195818    0.00052626
  0.000408679    0.00012492   0.000197256  8.22189e-006  -0.000109914
 -0.000733969   0.000115322   0.000717721   0.000441247  -0.000414984
 -0.000709177  -0.000322881  -0.000160105  -0.000244708  -0.000416072
   0.00112389   -0.00124606   0.000123074  -0.000130491  -0.000904585
  0.000417029 -3.91622e-006  -0.000250513   0.000130833   0.000842162
-8.79839e-005  -0.000111264  -0.000477931   0.000157248  -0.000245831
 -0.000788422   0.000123349   0.000181773   0.000993507  -0.000289835
  0.000117367  -0.000717435  -0.000137116  -0.000625071   0.000445827
  0.000249523  -0.000376028    0.00040208   0.000380503   0.000406972
-5.85382e-005   2.4843e-005    0.00031908  -0.000587724  -0.000653642
 -0.000313907  -0.000153945  -0.000157641   0.000205316  7.19256e-005
-7.38547e-005   2.0299e-005 -5.54751e-005  2.83743e-005  -0.000373546
 1.75394e-005  -0.000359058   0.000261826  -0.000132069  -0.000407522
  0.000401514  -0.000899703   0.000394456   0.000519623 -9.19337e-005
End of matrix R
