#ifndef FEATURE_SIZE
#define FEATURE_SIZE 5
#endif

#ifndef NO_OF_POSTAGS
#define NO_OF_POSTAGS 45
#endif

#ifndef MAX_DISTANCE
#define MAX_DISTANCE 49
#endif

#ifndef BATCH_SIZE
#define BATCH_SIZE 100
#endif

#ifndef LEARNING_RATE
#define LEARNING_RATE 0.05
#endif

#ifndef LEARNING_DECAY
#define LEARNING_DECAY 0.00001
#endif

#ifndef NO_OF_EPOCH
#define NO_OF_EPOCH 10
#endif
Epoch number: 1
Matrix C1
-5.85032e-005  -0.000539526   0.000347934  -0.000543307   2.2858e-005
  0.000376316  1.39288e-005  -0.000256494   0.000231577   0.000104733
   0.00105878   0.000183354    0.00051674   0.000396301 -6.35713e-005
 -0.000163146   -0.00034198   0.000657994  -0.000472891   -0.00132704
 -0.000389983   -0.00026357   -0.00100864  2.61244e-005  -0.000441209

End of matrix C1
Matrix C2
-5.59799e-005  -0.000536995   0.000341873   -0.00053562  8.18225e-006
  0.000370724  1.56245e-005   -0.00026293   0.000228996   0.000102749
   0.00106745   0.000189184   0.000511858   0.000399145 -6.17574e-005
 -0.000170738  -0.000341759   0.000650144  -0.000471526   -0.00134276
 -0.000381233  -0.000264077   -0.00100293   3.5397e-005  -0.000448663

End of matrix C2
Matrix C3
  -5.617e-005  -0.000540431    0.00034633  -0.000540815  2.00663e-005
  0.000372982  1.38019e-005  -0.000257363   0.000232769  9.64742e-005
   0.00106402   0.000186809   0.000510461   0.000389392 -5.61909e-005
 -0.000166304  -0.000348005    0.00066198  -0.000470866   -0.00133345
 -0.000394262  -0.000261216    -0.0010054  2.01568e-005  -0.000448086

End of matrix C3
Matrix C4
-3.71194e-005  -0.000536525   0.000353766  -0.000530035  1.69232e-005
  0.000375176  2.29164e-005  -0.000254324   0.000231498  9.87552e-005
    0.0010772   0.000194469   0.000529665   0.000397659  -5.8793e-005
 -0.000157897  -0.000340167   0.000660324  -0.000460445   -0.00134128
  -0.00039047  -0.000266492    -0.0010065  2.46499e-005  -0.000430517

End of matrix C4
Matrix C5
-4.69305e-005  -0.000536758   0.000344065  -0.000535928  1.56627e-005
  0.000372399  2.49694e-005  -0.000261212   0.000234267   0.000100974
   0.00106843   0.000187944   0.000529523   0.000386846 -6.29831e-005
 -0.000170264  -0.000341719    0.00064901  -0.000457818   -0.00133828
  -0.00037696  -0.000258343    -0.0010099  3.13758e-005   -0.00043694

End of matrix C5
Matrix R
 -8.3639e-005  -0.000534325   0.000355393  -0.000556175  4.45978e-005
  0.000355655  1.73864e-005   -0.00026383   0.000227672   0.000123607
   0.00107232   0.000174104    0.00059459   0.000362224  -0.000124599
  -0.00016131  -0.000341885   0.000652467  -0.000455346    -0.0013316
 -0.000429915  -0.000262048   -0.00101085  9.22139e-006  -0.000417493
-6.07185e-006 -9.17857e-005  -0.000340301 -3.47891e-005    0.00042759
  0.000188242  -0.000373947    0.00069825   0.000402424  -0.000169461
  0.000338159    0.00060578  2.57572e-005  -0.000142064   0.000571352
 -0.000656342 -6.41876e-005  -0.000239341  3.86834e-005   0.000835831
-4.22564e-006  -0.000202664  -0.000159688  -0.000296728  -0.000793687
 -0.000494238   0.000397776   0.000570901  -0.000654003  -0.000482666
  0.000788838  8.21972e-005 -8.52839e-005   0.000714777  -0.000993427
  0.000285087 -9.46605e-006   0.000273824   -0.00059988   0.000555561
   0.00027525  -0.000717965 -4.87462e-005   0.000472306  -0.000107264
 -0.000208034  -0.000522792 -7.17808e-005  -0.000547859   0.000372536
-3.75322e-005   5.2869e-005 -2.85599e-005  9.22722e-006   0.000570989
-8.14407e-005   0.000661221   0.000555975   0.000221629  5.68896e-005
 2.33117e-005   6.3202e-005  -0.000923354   0.000496628  -0.000108123
  0.000464168   0.000496879  -0.000367719  2.66273e-005    0.00100535
-6.23058e-005   0.000390404   -0.00143217   0.000673413  -0.000126839
 -0.000246446  -0.000204866  -0.000290158   0.000802913   0.000454365
  0.000240939  -0.000621088   0.000281059   0.000266913 -7.64636e-005
 -0.000462211   -0.00049296  -0.000356105   0.000462959  -0.000189912
  0.000587359  -0.000184086  -0.000167356  -0.000234995  -0.000141441
  0.000593532   0.000275672    0.00038067   0.000673271  -0.000821326
  0.000451238  3.68009e-005  -0.000514883   0.000832812   0.000360218
 7.62582e-005 -7.34223e-005   -0.00093978   0.000286625    0.00123589
  0.000401548  -0.000975086  -0.000523445   -0.00106364  -0.000505611
-7.68777e-005  -0.000132042   0.000584589   0.000454999    0.00101837
 -0.000249627  -0.000535286   0.000159433   0.000157673   -0.00106306
-7.90647e-005   0.000600747    0.00078025  -0.000197915   0.000526312
  0.000408174    0.00012463   0.000196928  7.98114e-006  -0.000108893
 -0.000733841    0.00011524   0.000718799   0.000440909  -0.000414854
 -0.000709365  -0.000323055  -0.000158952  -0.000245245  -0.000415647
   0.00112425     -0.001246   0.000123308  -0.000130323  -0.000904056
  0.000417198 -3.82654e-006  -0.000249976    0.00013057   0.000842552
-9.11727e-005  -0.000110804  -0.000478142    0.00014822  -0.000248164
 -0.000788108   0.000123062   0.000182476   0.000992835  -0.000289888
  0.000117294  -0.000717532  -0.000136185  -0.000625705   0.000446032
  0.000249561  -0.000376101   0.000403062   0.000380435   0.000407612
-5.85615e-005  2.47256e-005   0.000320019  -0.000588173  -0.000653346
 -0.000313953   -0.00015406   -0.00015667   0.000204814  7.21852e-005
-7.39099e-005  2.01878e-005  -5.4553e-005  2.79529e-005  -0.000373264
 1.75085e-005  -0.000359168   0.000262827  -0.000132503  -0.000407243
  0.000401539  -0.000899835   0.000395385    0.00051918 -9.17094e-005
End of matrix R
Epoch number: 2
Matrix C1
-5.58968e-005  -0.000536223   0.000354407  -0.000548948  2.84357e-005
  0.000380221   1.1264e-005  -0.000250263   0.000232039   0.000108636
   0.00105694   0.000181571   0.000523126   0.000401094  -6.4073e-005
 -0.000158273   -0.00034087    0.00066175   -0.00047778   -0.00131862
 -0.000393436  -0.000266098   -0.00101052  2.70453e-005  -0.000435908

End of matrix C1
Matrix C2
-5.10616e-005  -0.000531084   0.000342945  -0.000533696 -2.84569e-007
   0.00036934  1.45632e-005  -0.000262844   0.000227008   0.000104882
   0.00107346   0.000192938   0.000513586   0.000406212 -6.00179e-005
 -0.000173306  -0.000340188   0.000646584  -0.000474951   -0.00134934
 -0.000376368  -0.000267258  -0.000999172  4.51527e-005  -0.000450508

End of matrix C2
Matrix C3
-5.14789e-005  -0.000537796   0.000351627  -0.000544157  2.31122e-005
  0.000373658  1.10349e-005  -0.000251541    0.00023415  9.26789e-005
   0.00106691   0.000187935   0.000510815   0.000387356 -4.94919e-005
 -0.000164414  -0.000352315   0.000669635  -0.000473734   -0.00133094
  -0.00040213  -0.000261562    -0.0010037  1.50053e-005   -0.00044913

End of matrix C3
Matrix C4
-1.39394e-005  -0.000530221   0.000366896  -0.000523025  1.70227e-005
  0.000377861  2.87572e-005  -0.000245454   0.000231742  9.70261e-005
    0.0010934   0.000203384   0.000549338   0.000403576 -5.46245e-005
 -0.000148223  -0.000337121   0.000666943  -0.000453411   -0.00134631
 -0.000394705  -0.000272104   -0.00100678  2.41094e-005  -0.000414922

End of matrix C4
Matrix C5
-3.34427e-005  -0.000530476   0.000347305  -0.000534371  1.44855e-005
  0.000372628  3.26588e-005  -0.000259027   0.000237121   0.000101225
   0.00107522   0.000190508   0.000548551   0.000382074 -6.22528e-005
 -0.000172194  -0.000340108    0.00064419  -0.000448079   -0.00134065
 -0.000368399  -0.000256168   -0.00101221  3.69565e-005  -0.000427596

End of matrix C5
Matrix R
 -0.000103471  -0.000526147   0.000366017  -0.000573456  7.00775e-005
  0.000341126  1.81207e-005  -0.000267059     0.0002252   0.000144935
   0.00108973   0.000163341   0.000681943   0.000341238  -0.000183801
 -0.000154808  -0.000340473   0.000650817  -0.000443634   -0.00132752
 -0.000470545  -0.000263309   -0.00101987 -4.81017e-006  -0.000390149
-5.79359e-006 -9.14641e-005  -0.000340853 -3.30114e-005   0.000425962
  0.000187855  -0.000373505   0.000695537   0.000401733  -0.000171369
  0.000340226   0.000605669  2.86831e-005  -0.000141346   0.000567377
 -0.000655991  -6.3145e-005  -0.000242925   4.0808e-005   0.000834961
-3.42834e-006   -0.00020282  -0.000162129  -0.000290441  -0.000789759
 -0.000494397   0.000397069   0.000588065   -0.00064549  -0.000480935
  0.000792596  8.45862e-005 -8.95363e-005   0.000720362    -0.0009905
  0.000288237 -1.15791e-005   0.000289745  -0.000599309   0.000552855
  0.000272224  -0.000718198 -4.08451e-005   0.000474556   -0.00010516
 -0.000207589  -0.000521731 -7.58562e-005  -0.000545704   0.000371942
-3.35962e-005  5.74146e-005 -2.43567e-005  9.81502e-006   0.000570927
-8.33536e-005   0.000658606   0.000560917   0.000218299  4.76223e-005
 1.77618e-005  6.27399e-005  -0.000921066   0.000498335  -0.000103742
  0.000463824    0.00049828  -0.000365061  3.21662e-005    0.00100821
-6.37242e-005   0.000392644   -0.00143661   0.000674175  -0.000121693
 -0.000245769  -0.000204027  -0.000289952   0.000804174   0.000451169
  0.000236557  -0.000621736   0.000281309   0.000258433  -8.3967e-005
 -0.000462017   -0.00049175  -0.000359966   0.000466633  -0.000188435
   0.00057423  -0.000189413  -0.000166215  -0.000244555  -0.000145929
  0.000590721   0.000277973   0.000411189   0.000686518   -0.00081749
  0.000453707  3.82228e-005  -0.000516067   0.000836954   0.000361242
 7.39081e-005 -7.30041e-005  -0.000946135   0.000285323    0.00123635
  0.000402437  -0.000974167  -0.000526415   -0.00106098  -0.000505996
-7.64978e-005  -0.000131331   0.000582326   0.000457034    0.00101723
 -0.000249678  -0.000534373   0.000156967   0.000159745   -0.00106369
-8.12048e-005   0.000601329   0.000775565  -0.000198477   0.000524498
  0.000408803   0.000125469   0.000192114   1.1336e-005  -0.000108176
 -0.000733179   0.000116309   0.000715092   0.000443291  -0.000415671
  -0.00070889  -0.000322074  -0.000162239   -0.00024294  -0.000416271
   0.00112471   -0.00124495    0.00011981  -0.000127964  -0.000904714
  0.000417712 -2.57189e-006   -0.00025426   0.000132756   0.000842066
-9.03522e-005  -0.000109922  -0.000481911   0.000151288  -0.000248858
 -0.000788207   0.000123482   0.000178359    0.00099437  -0.000291461
   0.00011785  -0.000716494   -0.00014004  -0.000623577   0.000445262
  0.000249643  -0.000375143   0.000399438   0.000382228   0.000406823
-5.79682e-005  2.57741e-005   0.000316242  -0.000585788  -0.000654069
 -0.000313359  -0.000153012  -0.000160447   0.000207199  7.14621e-005
-7.33166e-005  2.12362e-005 -5.83303e-005  3.03382e-005  -0.000373987
 1.81018e-005   -0.00035812    0.00025905  -0.000130117  -0.000407966
  0.000402133  -0.000898786   0.000391608   0.000521565 -9.24326e-005
End of matrix R
Epoch number: 3
Matrix C1
-5.29816e-005  -0.000533276   0.000361476  -0.000554664  3.39112e-005
  0.000383932  8.64611e-006  -0.000244323   0.000232412   0.000112422
   0.00105661   0.000179932   0.000530058   0.000405703   -6.521e-005
 -0.000153629  -0.000339968   0.000665607  -0.000482699    -0.0013104
 -0.000397025  -0.000268668   -0.00101308  2.81116e-005  -0.000431712

End of matrix C1
Matrix C2
-4.61806e-005  -0.000525605   0.000344871   -0.00053172 -8.68797e-006
  0.000367955  1.34271e-005  -0.000262746   0.000225094   0.000106723
   0.00108024    0.00019688   0.000516492    0.00041294 -5.86716e-005
 -0.000176269  -0.000338827   0.000642949  -0.000478399   -0.00135592
 -0.000371768  -0.000270494  -0.000995848  5.46415e-005   -0.00045293

End of matrix C2
Matrix C3
-4.68244e-005  -0.000535646   0.000357858  -0.000547761  2.57082e-005
  0.000374324  8.26327e-006  -0.000245884   0.000235413   8.8765e-005
   0.00107059   0.000189364   0.000512296   0.000385153 -4.32153e-005
 -0.000162587  -0.000356656   0.000677173  -0.000476621   -0.00132872
 -0.000409887  -0.000261885   -0.00100247  9.75195e-006  -0.000450554

End of matrix C3
Matrix C4
 9.21314e-006  -0.000524354   0.000381746  -0.000516285  1.67655e-005
  0.000380556  3.42183e-005  -0.000236552   0.000232164  9.51425e-005
   0.00111134   0.000212573    0.00057045   0.000409849 -5.18254e-005
 -0.000139012  -0.000334214   0.000673943   -0.00044666   -0.00135111
 -0.000399245  -0.000277851    -0.0010084  2.33525e-005  -0.000400333

End of matrix C4
Matrix C5
 -2.0248e-005  -0.000524562   0.000351369  -0.000532801  1.29847e-005
  0.000372829  3.99783e-005  -0.000257001   0.000240089   0.000101094
   0.00108263   0.000193138   0.000568411   0.000377389 -6.22771e-005
  -0.00017436  -0.000338571   0.000639223  -0.000438415    -0.0013432
 -0.000360509  -0.000254049   -0.00101477   4.1856e-005   -0.00041831

End of matrix C5
Matrix R
 -0.000122095  -0.000518425   0.000373786  -0.000589595  9.46716e-005
  0.000328178  1.90172e-005  -0.000272962   0.000223991   0.000165774
   0.00111431   0.000153528   0.000773548   0.000327894  -0.000242445
 -0.000148644  -0.000339237   0.000649242  -0.000432572   -0.00132383
 -0.000511724  -0.000264609   -0.00103381  -1.9646e-005  -0.000364772
-5.54114e-006 -9.12774e-005  -0.000341398 -3.13809e-005   0.000424318
  0.000187495   -0.00037321   0.000692987   0.000401016   -0.00017327
  0.000342668   0.000605513  3.20222e-005  -0.000140316   0.000563506
 -0.000655834 -6.23028e-005  -0.000246288  4.26948e-005   0.000834089
-2.69129e-006  -0.000203157  -0.000164817  -0.000284618  -0.000786299
 -0.000493846    0.00039631   0.000603967   -0.00063688  -0.000480484
  0.000795988  8.69602e-005 -9.41964e-005   0.000725157  -0.000987452
   0.00029312 -1.36953e-005   0.000307056  -0.000597976    0.00054935
  0.000269963  -0.000718592  -3.3361e-005   0.000477268  -0.000103419
 -0.000207359   -0.00052087 -7.97111e-005  -0.000543817   0.000371339
-2.93162e-005  6.16754e-005   -2.062e-005  1.11534e-005    0.00057074
-8.55087e-005   0.000656055   0.000565238   0.000214948  3.87667e-005
 1.17917e-005   6.2152e-005  -0.000919628   0.000499382 -9.93996e-005
  0.000463381   0.000499672  -0.000362929   3.7524e-005    0.00101116
-6.52477e-005   0.000394622   -0.00144187   0.000674805  -0.000116201
 -0.000245083  -0.000203362  -0.000289503   0.000805475   0.000448017
   0.00023202  -0.000622574   0.000281781    0.00024965 -9.12269e-005
  -0.00046193  -0.000490745   -0.00036376   0.000470066  -0.000187156
  0.000560871  -0.000194839   -0.00016611  -0.000254956   -0.00015035
  0.000589112   0.000280575   0.000440446   0.000700162  -0.000815291
  0.000456143  3.94664e-005  -0.000517491   0.000841046   0.000362269
 7.10229e-005 -7.29051e-005  -0.000952595   0.000283208    0.00123671
   0.00040311   -0.00097345   -0.00052921   -0.00105861  -0.000506414
-7.62456e-005  -0.000130792   0.000580188   0.000458822    0.00101611
 -0.000249888  -0.000533653   0.000154665   0.000161568   -0.00106435
-8.33723e-005   0.000601748   0.000771096  -0.000199177   0.000522756
  0.000409218   0.000126123   0.000187419  1.43633e-005  -0.000107526
 -0.000732739   0.000117177   0.000711608   0.000445395  -0.000416486
 -0.000708618  -0.000321294  -0.000165325  -0.000240915  -0.000416918
   0.00112496   -0.00124409   0.000116501  -0.000125879  -0.000905381
  0.000418013 -1.52235e-006   -0.00025834   0.000134679   0.000841563
 -8.9756e-005  -0.000109232   -0.00048545   0.000154041  -0.000249559
 -0.000788542   0.000123699   0.000174393   0.000995623  -0.000293201
  0.000118194  -0.000715657  -0.000143659  -0.000621712   0.000444492
  0.000249528  -0.000374383   0.000396025   0.000383765   0.000406035
-5.75942e-005  2.66216e-005   0.000312692   -0.00058368  -0.000654796
 -0.000312985  -0.000152164  -0.000163997   0.000209307  7.07353e-005
-7.29426e-005  2.20837e-005 -6.18798e-005  3.24461e-005  -0.000374714
 1.84758e-005  -0.000357272     0.0002555  -0.000128009  -0.000408693
  0.000402507  -0.000897939   0.000388059   0.000523673 -9.31594e-005
End of matrix R
Epoch number: 4
Matrix C1
-5.01003e-005  -0.000530829     0.0003689  -0.000560118   3.8448e-005
  0.000387691  6.25155e-006  -0.000238856   0.000232962   0.000115714
   0.00105726   0.000178799   0.000536988   0.000410429   -6.721e-005
 -0.000149126  -0.000339392   0.000669465  -0.000487351   -0.00130298
 -0.000400462  -0.000270905   -0.00101631  2.91089e-005  -0.000427977

End of matrix C1
Matrix C2
-4.16412e-005  -0.000520677   0.000347441  -0.000529814 -1.69695e-005
  0.000366739  1.24262e-005  -0.000263107   0.000223415   0.000108409
   0.00108747   0.000201104   0.000519527   0.000419314 -5.76799e-005
 -0.000179403  -0.000337751   0.000639502  -0.000481684   -0.00136222
  -0.00036753  -0.000273536  -0.000993305  6.36347e-005  -0.000455663

End of matrix C2
Matrix C3
-4.25415e-005  -0.000533843   0.000364653  -0.000551401  2.79492e-005
  0.000374965  5.73066e-006  -0.000240419   0.000236476  8.50575e-005
   0.00107477   0.000190691   0.000513903   0.000382998 -3.78514e-005
 -0.000160971  -0.000360866   0.000684511  -0.000479462   -0.00132662
 -0.000417479  -0.000262015   -0.00100165  4.71807e-006  -0.000452195

End of matrix C3
Matrix C4
3.17305e-005 -0.000518865  0.000397449 -0.000509693 1.60064e-005
 0.000383043 3.94337e-005 -0.000228095  0.000232573 9.32528e-005
  0.00112991  0.000221793  0.000591853  0.000415983  -4.991e-005
-0.000130309 -0.000331479  0.000681234 -0.000440053    -0.001356
  -0.0004039 -0.000283259   -0.0010112 2.26759e-005 -0.000386719

End of matrix C4
Matrix C5
-7.40082e-006  -0.000519027   0.000356596  -0.000531227  1.13292e-005
  0.000373351  4.68259e-005  -0.000254962   0.000242946   0.000100676
    0.0010906   0.000196135   0.000588187   0.000372906  -6.2448e-005
 -0.000176072  -0.000337112    0.00063486  -0.000429093   -0.00134599
 -0.000353699  -0.000252332   -0.00101749  4.63039e-005  -0.000409754

End of matrix C5
Matrix R
 -0.000137982  -0.000511675   0.000380064  -0.000604413   0.000116537
  0.000316883  1.99568e-005  -0.000280793   0.000223462   0.000184479
   0.00114404   0.000144857   0.000865904   0.000321322   -0.00029897
 -0.000142984  -0.000338214   0.000647792  -0.000422244   -0.00132048
 -0.000548629  -0.000265938   -0.00105141 -3.24031e-005   -0.00034187
-5.51388e-006 -9.12676e-005  -0.000341886 -3.00281e-005   0.000422651
   0.00018696  -0.000373103   0.000690642   0.000400129  -0.000175183
  0.000345261   0.000605257  3.58455e-005  -0.000139164   0.000559669
 -0.000656038 -6.16937e-005  -0.000249416  4.42326e-005   0.000833198
-2.23763e-006  -0.000203705  -0.000167666  -0.000279372  -0.000783245
 -0.000493251   0.000395546     0.0006184  -0.000628948  -0.000481078
  0.000799043  8.89158e-005 -9.87146e-005   0.000729955  -0.000984766
  0.000299249 -1.55727e-005   0.000322894  -0.000595567   0.000546536
  0.000268112  -0.000719116 -2.60699e-005   0.000480048  -0.000101975
 -0.000207513  -0.000520243 -8.33328e-005  -0.000542304   0.000370715
-2.49623e-005   6.5624e-005 -1.71603e-005  1.29723e-005   0.000570396
-8.69087e-005   0.000653578   0.000569703   0.000211935  3.01108e-005
 6.45773e-006  6.13864e-005  -0.000918503   0.000500748 -9.56048e-005
  0.000463606   0.000501056  -0.000360947  4.30483e-005    0.00101392
-6.65651e-005   0.000396315   -0.00144686   0.000675566  -0.000111767
 -0.000244573  -0.000202907  -0.000288765   0.000806667   0.000444868
  0.000227864  -0.000623486   0.000282092   0.000241717 -9.80695e-005
 -0.000462145  -0.000489977  -0.000367453   0.000473137  -0.000186055
  0.000548697  -0.000200168  -0.000165966  -0.000264538  -0.000154711
   0.00058907   0.000283213   0.000467351   0.000713785  -0.000814916
  0.000458339  4.04947e-005  -0.000519073   0.000844935   0.000363293
 6.83612e-005 -7.29589e-005  -0.000958829   0.000281513    0.00123695
  0.000403401  -0.000972967  -0.000531812   -0.00105664  -0.000506875
-7.63012e-005  -0.000130461   0.000578204   0.000460248      0.001015
  -0.00025043  -0.000533159    0.00015255   0.000163027   -0.00106505
-8.57621e-005   0.000601969   0.000766862   -0.00020014   0.000521071
  0.000409244   0.000126558   0.000182866  1.69567e-005  -0.000106943
 -0.000732686   0.000117812   0.000708357   0.000447116  -0.000417313
 -0.000708718  -0.000320749  -0.000168194  -0.000239277  -0.000417599
   0.00112484   -0.00124347   0.000113397  -0.000124178  -0.000906068
  0.000417933 -7.10405e-007  -0.000262201    0.00013623   0.000841031
-8.95474e-005  -0.000108766  -0.000488745   0.000156377  -0.000250278
 -0.000789174   0.000123745    0.00017068   0.000996571  -0.000294763
  0.000118161  -0.000715053   -0.00014703  -0.000620218   0.000443707
  0.000249048  -0.000373855   0.000392837   0.000384938   0.000405233
-5.76036e-005  2.72358e-005   0.000309382  -0.000581955   -0.00065554
 -0.000312995   -0.00015155  -0.000167307   0.000211032  6.99909e-005
 -7.2952e-005   2.2698e-005 -6.51898e-005  3.41711e-005  -0.000375459
 1.84664e-005  -0.000356658    0.00025219  -0.000126284  -0.000409438
  0.000402497  -0.000897325   0.000384749   0.000525398 -9.39038e-005
End of matrix R
Epoch number: 5
Matrix C1
-4.65983e-005  -0.000528643     0.0003771  -0.000565537  4.27134e-005
  0.000391289  3.95562e-006  -0.000233515    0.00023347   0.000118866
   0.00105955   0.000177792   0.000544984   0.000415129 -6.97386e-005
 -0.000144781  -0.000338962   0.000673442  -0.000492046   -0.00129575
 -0.000404241  -0.000273198    -0.0010202  3.01267e-005  -0.000424818

End of matrix C1
Matrix C2
 -3.6537e-005  -0.000515952   0.000351193   -0.00052768 -2.55614e-005
  0.000365526  1.14027e-005  -0.000263342   0.000221833   0.000109813
   0.00109574   0.000205458   0.000523949   0.000425653 -5.72379e-005
 -0.000182627  -0.000336695   0.000636256  -0.000484933   -0.00136863
 -0.000363645  -0.000276637  -0.000991219  7.24198e-005  -0.000458623

End of matrix C2
Matrix C3
 -3.7717e-005  -0.000532343   0.000372615  -0.000555067  2.97147e-005
  0.000375694  3.23895e-006  -0.000235073   0.000237571  8.12725e-005
   0.00108011   0.000192324   0.000516909   0.000380966 -3.29926e-005
 -0.000159241  -0.000364992   0.000691972  -0.000482294   -0.00132474
 -0.000425358   -0.00026226   -0.00100146 -5.08394e-007  -0.000453873

End of matrix C3
Matrix C4
 5.48227e-005  -0.000513633   0.000415052  -0.000503215  1.49516e-005
   0.00038562  4.43912e-005  -0.000219495   0.000233112  9.12117e-005
   0.00115046   0.000231291   0.000615359   0.000422385 -4.89367e-005
 -0.000121738  -0.000328843   0.000688964   -0.00043361   -0.00136073
 -0.000409149  -0.000288802   -0.00101528  2.17679e-005  -0.000373555

End of matrix C4
Matrix C5
 5.49698e-006  -0.000513705   0.000362722  -0.000529557  9.28818e-006
  0.000373855  5.33518e-005  -0.000252965   0.000245853   0.000100049
   0.00109936   0.000199267   0.000609012   0.000368548 -6.30805e-005
 -0.000177988  -0.000335749   0.000630468  -0.000419829   -0.00134896
 -0.000347338  -0.000250635   -0.00102039  5.03279e-005  -0.000401481

End of matrix C5
Matrix R
 -0.000153699  -0.000505129   0.000384202  -0.000619317   0.000138165
  0.000306114  2.10119e-005   -0.00029062   0.000223441   0.000203163
   0.00118065   0.000136843   0.000965357   0.000320671  -0.000356985
 -0.000137604  -0.000337307   0.000646356  -0.000412422   -0.00131742
 -0.000587603   -0.00026742   -0.00107372 -4.63719e-005  -0.000319875
-5.52379e-006 -9.13439e-005  -0.000342424 -2.87698e-005   0.000420998
  0.000186434  -0.000373091   0.000688384   0.000399245  -0.000177078
  0.000348184   0.000604985  4.00662e-005  -0.000137748   0.000555849
  -0.00065639  -6.1219e-005  -0.000252442  4.56217e-005   0.000832318
-1.77069e-006  -0.000204364   -0.00017088   -0.00027435  -0.000780456
 -0.000492698   0.000394933   0.000632027  -0.000621058  -0.000482491
  0.000802024  9.08248e-005  -0.000103354   0.000734383  -0.000982153
  0.000307004 -1.73734e-005   0.000340886   -0.00059249   0.000542843
  0.000266623  -0.000719702 -1.90759e-005   0.000483094  -0.000100616
 -0.000207835   -0.00051975 -8.68576e-005  -0.000540963   0.000370099
-2.03987e-005  6.93669e-005 -1.39792e-005  1.53454e-005   0.000569918
-8.85823e-005   0.000651137   0.000573825   0.000208806  2.17171e-005
 1.07512e-006  6.06115e-005  -0.000918053   0.000502166 -9.16782e-005
  0.000463606   0.000502443  -0.000359425  4.83569e-005    0.00101677
-6.81453e-005   0.000397848   -0.00145288   0.000676138  -0.000106633
 -0.000244038  -0.000202565  -0.000287846   0.000807927    0.00044173
  0.000223544  -0.000624536   0.000282548   0.000233505  -0.000104705
 -0.000462466  -0.000489349  -0.000371161   0.000476041  -0.000185077
  0.000536639  -0.000205472  -0.000166482  -0.000274293  -0.000158842
  0.000589826   0.000286325   0.000494113   0.000727693  -0.000815899
  0.000460477  4.14035e-005  -0.000520903   0.000848788   0.000364351
 6.56846e-005 -7.31018e-005   -0.00096516   0.000279716    0.00123724
  0.000403525  -0.000972618  -0.000534351   -0.00105485  -0.000507345
-7.64587e-005  -0.000130241   0.000576255    0.00046151    0.00101392
 -0.000251095  -0.000532794   0.000150493   0.000164327   -0.00106576
-8.81854e-005   0.000602086   0.000762731  -0.000201181   0.000519469
   0.00040909   0.000126872   0.000178326  1.93217e-005  -0.000106386
 -0.000732802   0.000118312   0.000705206   0.000448658  -0.000418124
 -0.000708974  -0.000320339   -0.00017098   -0.00023782  -0.000418281
   0.00112455   -0.00124299   0.000110365  -0.000122655  -0.000906746
  0.000417684 -3.74733e-008  -0.000265979   0.000137611   0.000840504
-8.95092e-005  -0.000108428  -0.000491934   0.000158503  -0.000250988
 -0.000790001   0.000123655      0.000167   0.000997332  -0.000296456
  0.000117968  -0.000714583  -0.000150291  -0.000618891   0.000442935
  0.000248418  -0.000373461   0.000389737   0.000385949   0.000404447
  -5.778e-005  2.77154e-005   0.000306175  -0.000580408  -0.000656273
 -0.000313171   -0.00015107  -0.000170513   0.000212579  6.92582e-005
-7.31284e-005  2.31776e-005 -6.83966e-005   3.5718e-005  -0.000376191
   1.829e-005  -0.000356179   0.000248983  -0.000124737   -0.00041017
  0.000402321  -0.000896845   0.000381542   0.000526945 -9.46365e-005
End of matrix R
Epoch number: 6
Matrix C1
-4.28618e-005  -0.000526769   0.000385856  -0.000570674  4.61401e-005
  0.000394846   1.7708e-006  -0.000228492   0.000233966   0.000121718
   0.00106258   0.000176957   0.000553405   0.000419683 -7.28936e-005
 -0.000140309  -0.000338675   0.000677652  -0.000496453   -0.00128923
  -0.00040802  -0.000275217   -0.00102458  3.10784e-005  -0.000422042

End of matrix C1
Matrix C2
-3.16225e-005  -0.000511698   0.000355397  -0.000525596 -3.39554e-005
  0.000364372  1.04109e-005  -0.000263987   0.000220315   0.000111212
   0.00110446   0.000209927   0.000528968   0.000431603 -5.69786e-005
 -0.000185992  -0.000335946    0.00063299  -0.000488125   -0.00137467
  -0.00036017  -0.000279565   -0.00098969  8.07602e-005  -0.000461846

End of matrix C2
Matrix C3
-3.30544e-005  -0.000531153   0.000381077  -0.000558721  3.10599e-005
   0.00037631  9.04235e-007  -0.000229895   0.000238396   7.7616e-005
    0.0010858   0.000193782   0.000520513   0.000378867 -2.88472e-005
 -0.000157611  -0.000369067   0.000699163  -0.000485083   -0.00132303
 -0.000433047  -0.000262243   -0.00100152 -5.47064e-006  -0.000455723

End of matrix C3
Matrix C4
 7.77624e-005  -0.000508569   0.000433634   -0.00049668  1.32393e-005
  0.000388076  4.91136e-005  -0.000211368    0.00023374  8.91799e-005
   0.00117181   0.000240759    0.00063972   0.000428975 -4.90479e-005
 -0.000113427  -0.000326222   0.000697006  -0.000427354   -0.00136554
 -0.000414642  -0.000294062   -0.00102043  2.08827e-005  -0.000361154

End of matrix C4
Matrix C5
 1.83557e-005  -0.000508708    0.00036982  -0.000527729  7.01313e-006
  0.000374608  5.95158e-005  -0.000251016   0.000248753   9.9099e-005
   0.00110879   0.000202615   0.000630177    0.00036454 -6.41405e-005
 -0.000179529  -0.000334436   0.000626519  -0.000410973   -0.00135209
 -0.000341896    -0.0002492    -0.0010236  5.40783e-005  -0.000393463

End of matrix C5
Matrix R
 -0.000167506  -0.000499316   0.000387356  -0.000633308   0.000157765
  0.000296077  2.20988e-005   -0.00030224   0.000223619   0.000220626
   0.00122172   0.000129834    0.00106694   0.000325196  -0.000414263
 -0.000132581  -0.000336531    0.00064504  -0.000403169   -0.00131461
 -0.000624088  -0.000268873   -0.00109925  -5.9687e-005  -0.000299507
-5.67417e-006 -9.15241e-005  -0.000342906 -2.77029e-005   0.000419373
  0.000185815   -0.00037319   0.000686315   0.000398258  -0.000178946
  0.000351337   0.000604674  4.48225e-005  -0.000136193   0.000552014
 -0.000656975 -6.08915e-005   -0.00025528  4.67759e-005   0.000831457
-1.77951e-006  -0.000205143  -0.000174003  -0.000270074  -0.000778014
  -0.00049182    0.00039422   0.000644493  -0.000613999  -0.000484863
  0.000804595  9.24678e-005  -0.000107993   0.000738626   -0.00097969
  0.000315576 -1.89809e-005   0.000358111   -0.00058901   0.000539305
  0.000265833   -0.00072038 -1.19967e-005   0.000486175 -9.98136e-005
 -0.000208408  -0.000519405 -9.02031e-005  -0.000539877   0.000369503
-1.57641e-005  7.28976e-005 -1.08778e-005  1.80949e-005   0.000569303
-8.99726e-005   0.000648848   0.000577445   0.000205933  1.38515e-005
-3.94436e-006  5.96989e-005  -0.000917851   0.000503557 -8.81955e-005
  0.000464072    0.00050384  -0.000357945  5.37223e-005    0.00101952
-6.95792e-005   0.000399191   -0.00145859   0.000676841  -0.000102344
  -0.00024357  -0.000202348  -0.000286637   0.000809145   0.000438594
  0.000219589  -0.000625598   0.000282871   0.000226086  -0.000110985
 -0.000462994  -0.000488872  -0.000374789   0.000478685  -0.000184187
  0.000525365  -0.000210693  -0.000167091  -0.000283596  -0.000162872
   0.00059157   0.000289335   0.000518238   0.000741146  -0.000817852
  0.000462452  4.21778e-005  -0.000522852   0.000852491   0.000365457
 6.29628e-005 -7.33878e-005  -0.000971348   0.000277952    0.00123747
  0.000403397  -0.000972417  -0.000536741   -0.00105334   -0.00050781
  -7.681e-005  -0.000130148   0.000574431   0.000462519     0.0010129
 -0.000251969   -0.00053257   0.000148584   0.000165379   -0.00106647
-9.07447e-005   0.000602082   0.000758784  -0.000202395    0.00051796
  0.000408665    0.00012705   0.000173884  2.13755e-005  -0.000105834
 -0.000733171   0.000118665   0.000702235   0.000449938  -0.000418908
  -0.00070947  -0.000320077  -0.000173598  -0.000236628  -0.000418953
   0.00112402   -0.00124265   0.000107489  -0.000121395  -0.000907402
  0.000417179  4.83944e-007  -0.000269591   0.000138736   0.000839993
-8.97236e-005   -0.00010823  -0.000494934   0.000160338  -0.000251677
 -0.000791016   0.000123464   0.000163542   0.000997892  -0.000297971
   0.00011753   -0.00071426  -0.000153358  -0.000617816   0.000442187
  0.000247551  -0.000373212   0.000386808   0.000386715   0.000403688
-5.82059e-005  2.80478e-005   0.000303154  -0.000579123  -0.000656983
 -0.000313597  -0.000150738  -0.000173535   0.000213864  6.85474e-005
-7.35543e-005    2.351e-005 -7.14179e-005  3.70037e-005  -0.000376902
 1.78641e-005  -0.000355846   0.000245962  -0.000123452  -0.000410881
  0.000401895  -0.000896513    0.00037852   0.000528231 -9.53473e-005
End of matrix R
Epoch number: 7
Matrix C1
-3.83888e-005  -0.000525122   0.000395531  -0.000575745  4.92187e-005
  0.000398294  -3.3473e-007  -0.000223734   0.000234534    0.00012446
    0.0010673   0.000176511   0.000563378   0.000424369 -7.67079e-005
 -0.000135938  -0.000338618   0.000681899  -0.000500905   -0.00128286
 -0.000412198  -0.000277265   -0.00102967  3.20314e-005  -0.000419481

End of matrix C1
Matrix C2
-2.58885e-005  -0.000507438   0.000360929  -0.000523218 -4.27341e-005
  0.000363227  9.43483e-006  -0.000264568   0.000218895   0.000112415
   0.00111441   0.000214666   0.000535572   0.000437742 -5.73756e-005
 -0.000189315  -0.000335063   0.000630059  -0.000491264   -0.00138086
 -0.000357119  -0.000282583  -0.000988825  8.89823e-005  -0.000465054

End of matrix C2
Matrix C3
-2.76162e-005  -0.000530106   0.000390923  -0.000562316  3.18958e-005
  0.000377116 -1.38342e-006  -0.000224659   0.000239311  7.39555e-005
   0.00109277    0.00019541   0.000525717   0.000377001   -2.542e-005
 -0.000155753  -0.000373079   0.000706634  -0.000487874   -0.00132142
 -0.000441102  -0.000262316   -0.00100223 -1.06304e-005  -0.000457448

End of matrix C3
Matrix C4
  0.000101613  -0.000503685   0.000454191  -0.000490116  1.11924e-005
  0.000390634  5.36835e-005  -0.000202982   0.000234454  8.70327e-005
   0.00119531   0.000250522   0.000666612   0.000435874 -5.00882e-005
 -0.000105049  -0.000323674   0.000705562  -0.000421199   -0.00137022
  -0.00042079  -0.000299509   -0.00102685  1.97833e-005  -0.000348767

End of matrix C4
Matrix C5
 3.15191e-005  -0.000503752   0.000378079   -0.00052575  4.24556e-006
  0.000375356  6.54687e-005  -0.000248865    0.00025162  9.80284e-005
   0.00111918   0.000206193   0.000652601   0.000360717 -6.56234e-005
 -0.000181109  -0.000333147   0.000622805  -0.000402067   -0.00135545
 -0.000336954  -0.000247841   -0.00102701  5.74113e-005  -0.000385669

End of matrix C5
Matrix R
 -0.000181388  -0.000493767   0.000389035  -0.000647228    0.00017716
  0.000286609  2.32006e-005  -0.000315195   0.000224257   0.000237764
   0.00126971   0.000123426    0.00117707   0.000334917     -0.000474
 -0.000127833  -0.000335847   0.000643678  -0.000394336   -0.00131203
 -0.000662273   -0.00027044   -0.00112887 -7.34033e-005  -0.000279085
 -5.9074e-006 -9.17722e-005  -0.000343497 -2.67109e-005   0.000417763
  0.000185157  -0.000373363   0.000684264   0.000397278  -0.000180806
  0.000354778   0.000604356  4.99743e-005   -0.00013441   0.000548114
 -0.000657721 -6.06699e-005  -0.000258113   4.7822e-005   0.000830597
-1.72492e-006  -0.000205997  -0.000177627  -0.000265829  -0.000775701
 -0.000491326   0.000393669   0.000656529  -0.000606854  -0.000487711
  0.000807083  9.40631e-005  -0.000112838   0.000742693  -0.000977234
   0.00032581 -2.04842e-005   0.000377663  -0.000584723   0.000535068
  0.000265047   -0.00072107 -5.22154e-006    0.00048957 -9.87827e-005
 -0.000209161  -0.000519167 -9.35538e-005  -0.000538918   0.000368912
-1.10259e-005  7.62646e-005 -7.94352e-006  2.12704e-005   0.000568524
-9.12373e-005   0.000646555   0.000581171   0.000203165  6.07315e-006
-9.14188e-006  5.87866e-005  -0.000918366   0.000504966 -8.45227e-005
  0.000464514   0.000505225  -0.000356776  5.90617e-005    0.00102226
-7.12736e-005   0.000400402   -0.00146516   0.000677341 -9.74971e-005
 -0.000243099  -0.000202217  -0.000285296   0.000810434   0.000435428
  0.000215443  -0.000626769   0.000283229   0.000218386  -0.000117041
 -0.000463671  -0.000488506  -0.000378517   0.000481194  -0.000183385
  0.000514017  -0.000215899  -0.000168414  -0.000293105  -0.000166644
  0.000594277   0.000292828   0.000542948    0.00075537  -0.000821005
  0.000464316   4.2857e-005  -0.000525074   0.000856153     0.0003666
 6.02107e-005 -7.37641e-005  -0.000977612   0.000276242    0.00123767
   0.00040309  -0.000972324  -0.000539162   -0.00105197  -0.000508285
-7.72876e-005  -0.000130142    0.00057256   0.000463401    0.00101191
 -0.000252983  -0.000532448   0.000146645   0.000166312   -0.00106719
-9.33855e-005   0.000601996   0.000754837  -0.000203667   0.000516525
  0.000408038   0.000127132   0.000169358  2.32489e-005  -0.000105296
 -0.000733719   0.000118911   0.000699262   0.000451085  -0.000419682
 -0.000710135  -0.000319922  -0.000176231  -0.000235572  -0.000419629
   0.00112331   -0.00124241   0.000104589   -0.00012027  -0.000908052
  0.000416489  8.95135e-007  -0.000273224   0.000139733   0.000839485
-9.01155e-005  -0.000108133  -0.000497928   0.000162015  -0.000252362
 -0.000792226   0.000123178    0.00015999   0.000998308  -0.000299551
  0.000116922  -0.000714044  -0.000156416  -0.000616863   0.000441445
  0.000246522  -0.000373068   0.000383867   0.000387363    0.00040294
-5.88072e-005  2.82742e-005   0.000300134  -0.000577968  -0.000657688
 -0.000314198  -0.000150512  -0.000176555   0.000215019  6.78423e-005
-7.41556e-005  2.37363e-005 -7.44379e-005  3.81581e-005  -0.000377607
 1.72628e-005   -0.00035562   0.000242942  -0.000122297  -0.000411586
  0.000401294  -0.000896286     0.0003755   0.000529385 -9.60523e-005
End of matrix R
Epoch number: 8
Matrix C1
-3.36143e-005   -0.00052369   0.000405712  -0.000580512  5.15381e-005
  0.000401678  -2.3322e-006  -0.000219074   0.000235059    0.00012692
   0.00107279   0.000175967   0.000573893   0.000428999 -8.10564e-005
 -0.000131405  -0.000338579   0.000686444  -0.000505108   -0.00127708
 -0.000416566  -0.000279153   -0.00103529  3.28986e-005  -0.000417202

End of matrix C1
Matrix C2
-2.02129e-005  -0.000503621   0.000366823   -0.00052079 -5.14784e-005
  0.000362081  8.53293e-006  -0.000265394   0.000217562   0.000113556
   0.00112479   0.000219408   0.000542926   0.000443682 -5.80844e-005
 -0.000192666  -0.000334453      0.000627  -0.000494344   -0.00138671
 -0.000354519  -0.000285485  -0.000988307  9.67527e-005  -0.000468447

End of matrix C2
Matrix C3
-2.21892e-005  -0.000529324   0.000401207  -0.000565799  3.22842e-005
  0.000377788 -3.53338e-006  -0.000219675   0.000240028   7.0388e-005
   0.00110003   0.000196958   0.000531684   0.000375004 -2.25067e-005
 -0.000153891   -0.00037696   0.000713999   -0.00049062   -0.00132004
  -0.00044908  -0.000262275   -0.00100337  -1.5493e-005  -0.000459253

End of matrix C3
Matrix C4
  0.000125643  -0.000498864    0.00047587  -0.000483299  8.37756e-006
  0.000393065  5.80163e-005   -0.00019503   0.000235223  8.49351e-005
   0.00121973    0.00026023   0.000694806   0.000443062 -5.22507e-005
-9.66614e-005  -0.000321111   0.000714458  -0.000415029   -0.00137501
 -0.000427409  -0.000304662   -0.00103434  1.85627e-005  -0.000336945

End of matrix C4
Matrix C5
 4.48651e-005  -0.000499111   0.000387232  -0.000523565  1.25125e-006
  0.000376297  7.10203e-005  -0.000246897   0.000254564  9.67678e-005
   0.00113033   0.000209875    0.00067564   0.000357314 -6.75537e-005
 -0.000182292  -0.000331921   0.000619495  -0.000393472   -0.00135892
   -0.0003328  -0.000246671   -0.00103083  6.05267e-005  -0.000377954

End of matrix C5
Matrix R
 -0.000194293  -0.000488646   0.000389423  -0.000660731   0.000195455
  0.000277359  2.43345e-005   -0.00032971   0.000224865   0.000254241
   0.00132199   0.000117956    0.00129045   0.000348852  -0.000533866
 -0.000123337  -0.000335239   0.000642423  -0.000385946   -0.00130961
  -0.00069888  -0.000272135   -0.00116046 -8.72338e-005  -0.000260604
 -6.2241e-006  -9.2076e-005  -0.000344048 -2.58464e-005   0.000416215
  0.000184462  -0.000373596   0.000682377   0.000396245  -0.000182613
  0.000358525   0.000604041  5.57146e-005  -0.000132465   0.000544157
 -0.000658615 -6.05385e-005  -0.000260803  4.87148e-005   0.000829783
 -2.1045e-006  -0.000206932  -0.000181197   -0.00026222   -0.00077362
 -0.000490539   0.000393089   0.000667384  -0.000600476  -0.000491171
  0.000809279  9.55072e-005  -0.000117696   0.000746548  -0.000974837
  0.000336529 -2.18836e-005   0.000396896  -0.000580484   0.000530726
  0.000265013  -0.000721857  1.78234e-006   0.000492801 -9.84742e-005
  -0.00021008   -0.00051902 -9.67736e-005   -0.00053813   0.000368369
-6.19745e-006   7.9491e-005 -4.95256e-006  2.47716e-005   0.000567611
-9.23916e-005   0.000644415   0.000584484   0.000200427 -1.23556e-006
-1.41363e-005  5.78099e-005  -0.000919154   0.000506352 -8.10486e-005
  0.000465276   0.000506693  -0.000355489  6.42992e-005    0.00102494
-7.28765e-005    0.00040145   -0.00147149   0.000677967 -9.32366e-005
 -0.000242612  -0.000202156   -0.00028366   0.000811738   0.000432258
  0.000211531  -0.000627957   0.000283528   0.000211241  -0.000122796
 -0.000464495  -0.000488234  -0.000382198   0.000483519  -0.000182609
  0.000503172  -0.000221036  -0.000169953  -0.000302286  -0.000170203
  0.000596889   0.000296292   0.000565197   0.000768371  -0.000824691
  0.000466068  4.34553e-005  -0.000527406   0.000859708   0.000367826
 5.74155e-005 -7.42168e-005  -0.000983802    0.00027452    0.00123791
  0.000402618  -0.000972321  -0.000541475   -0.00105079  -0.000508724
-7.78828e-005  -0.000130211   0.000570786   0.000464108      0.001011
 -0.000254126   -0.00053241   0.000144817   0.000167081   -0.00106787
-9.61076e-005   0.000601839   0.000751024  -0.000205049   0.000515208
  0.000407216   0.000127133   0.000164886  2.48986e-005   -0.00010472
 -0.000734431   0.000119068   0.000696423   0.000452057  -0.000420403
 -0.000710954  -0.000319858  -0.000178741  -0.000234694  -0.000420262
   0.00112243   -0.00124227   0.000101801  -0.000119324   -0.00090865
  0.000415625   1.2119e-006  -0.000276741   0.000140557   0.000839026
-9.06707e-005   -0.00010812  -0.000500779   0.000163493  -0.000252999
 -0.000793569   0.000122829   0.000156594   0.000998584  -0.000301009
  0.000116158  -0.000713917  -0.000159329  -0.000616078   0.000440753
  0.000245341  -0.000373013   0.000381049   0.000387848   0.000402246
  -5.957e-005  2.84102e-005   0.000297252  -0.000576989  -0.000658344
 -0.000314961  -0.000150376  -0.000179437   0.000215998  6.71865e-005
-7.49184e-005  2.38723e-005   -7.732e-005  3.91374e-005  -0.000378263
    1.65e-005  -0.000355484    0.00024006  -0.000121318  -0.000412242
  0.000400531   -0.00089615   0.000372618   0.000530365 -9.67082e-005
End of matrix R
Epoch number: 9
Matrix C1
 -2.8061e-005  -0.000522442   0.000416991  -0.000585019  5.31427e-005
  0.000405055 -4.21704e-006  -0.000214662   0.000235665   0.000129218
    0.0010797   0.000175738   0.000586029   0.000433798 -8.61686e-005
 -0.000126738  -0.000338683   0.000691209  -0.000509176   -0.00127171
 -0.000421296   -0.00028096   -0.00104161  3.36431e-005  -0.000414842

End of matrix C1
Matrix C2
-1.37272e-005  -0.000499807   0.000374029  -0.000518135 -6.05309e-005
  0.000361033  7.67952e-006  -0.000266349   0.000216328   0.000114608
   0.00113642    0.00022437   0.000551762   0.000449728 -5.94121e-005
 -0.000195844  -0.000333811   0.000624393  -0.000497296   -0.00139257
 -0.000352448  -0.000288379  -0.000988607   0.000104277  -0.000471714

End of matrix C2
Matrix C3
-1.59657e-005  -0.000528581   0.000412844  -0.000569055  3.20813e-005
  0.000378585 -5.56631e-006  -0.000214656   0.000240752  6.68904e-005
   0.00110854   0.000198509   0.000539171   0.000373358 -2.05079e-005
 -0.000151818  -0.000380701   0.000721603  -0.000493248   -0.00131886
 -0.000457421  -0.000262236   -0.00100516 -2.04214e-005   -0.00046083

End of matrix C3
Matrix C4
  0.000150559  -0.000494118   0.000499398  -0.000476336  5.05886e-006
  0.000395532  6.22286e-005   -0.00018709   0.000236041  8.27631e-005
   0.00124604    0.00027012   0.000725479   0.000450536 -5.53134e-005
-8.81382e-005  -0.000318587   0.000723888  -0.000408952   -0.00137982
 -0.000434714   -0.00030983   -0.00104314  1.72362e-005  -0.000325092

End of matrix C4
Matrix C5
 5.86392e-005  -0.000494534    0.00039774  -0.000521146 -2.27267e-006
  0.000377365  7.63501e-005  -0.000244725   0.000257405  9.53696e-005
   0.00114256   0.000213809   0.000699875   0.000354267 -6.99408e-005
  -0.00018327  -0.000330737   0.000616653  -0.000385021   -0.00136262
 -0.000329294  -0.000245669   -0.00103496  6.33705e-005  -0.000370534

End of matrix C5
Matrix R
 -0.000206709  -0.000483909   0.000389105  -0.000674213   0.000212995
  0.000268244  2.54404e-005   -0.00034543   0.000225507   0.000270301
   0.00138084   0.000113154    0.00141246   0.000367369  -0.000596442
 -0.000119144  -0.000334713   0.000641129  -0.000377949   -0.00130739
   -0.0007358  -0.000273876   -0.00119549  -0.000100864  -0.000242045
-6.69397e-006 -9.24433e-005  -0.000344704 -2.50848e-005   0.000414692
  0.000183661  -0.000373896   0.000680508    0.00039518  -0.000184411
  0.000362523   0.000603719  6.19349e-005  -0.000130347   0.000540073
 -0.000659718  -6.0502e-005  -0.000263505  4.94843e-005   0.000828973
-2.63465e-006   -0.00020793  -0.000185152  -0.000258792  -0.000771642
 -0.000490216   0.000392624    0.00067774  -0.000594417  -0.000494989
  0.000811262   9.6747e-005  -0.000122539   0.000750387  -0.000972618
  0.000348629 -2.30604e-005   0.000417377  -0.000575415   0.000526062
  0.000265014  -0.000722637  8.67829e-006   0.000496191 -9.80623e-005
 -0.000211226  -0.000518969  -0.000100022  -0.000537482   0.000367837
-1.35281e-006  8.25789e-005 -1.98125e-006  2.85857e-005    0.00056651
-9.32619e-005   0.000642316   0.000587939    0.00019785 -8.42551e-006
 -1.8832e-005  5.67972e-005  -0.000920214   0.000507998 -7.77737e-005
  0.000466141    0.00050814  -0.000354302  6.95523e-005    0.00102753
-7.46882e-005   0.000402454   -0.00147817   0.000678472 -8.89726e-005
 -0.000242164  -0.000202168  -0.000281859   0.000813078    0.00042903
  0.000207711   -0.00062913   0.000283651   0.000204409  -0.000128325
 -0.000465536   -0.00048806  -0.000385992   0.000485689  -0.000181885
  0.000492869  -0.000226037  -0.000171634  -0.000311096  -0.000173603
  0.000600414        0.0003   0.000587227   0.000781791  -0.000829272
  0.000467634  4.39667e-005  -0.000529987   0.000863172   0.000369099
 5.47717e-005  -7.4694e-005  -0.000989908   0.000273144    0.00123813
  0.000401918  -0.000972415  -0.000543837   -0.00104977  -0.000509164
-7.86583e-005  -0.000130359   0.000568957   0.000464671    0.00101012
 -0.000255461  -0.000532464   0.000142947   0.000167715   -0.00106856
-9.89857e-005   0.000601606   0.000747184  -0.000206518   0.000513967
  0.000406135   0.000127048   0.000160306  2.63572e-005  -0.000104138
 -0.000735367   0.000119129   0.000693559   0.000452884   -0.00042111
 -0.000711989  -0.000319889  -0.000181286  -0.000233963  -0.000420891
   0.00112133   -0.00124222  9.89666e-005  -0.000118526  -0.000909236
  0.000414526  1.42986e-006  -0.000280303    0.00014124   0.000838579
-9.14484e-005  -0.000108197  -0.000503647   0.000164805  -0.000253626
 -0.000795098   0.000122415   0.000153184   0.000998743  -0.000302362
  0.000115177  -0.000713885  -0.000162256  -0.000615428   0.000440072
  0.000243947  -0.000373052   0.000378196   0.000388202   0.000401569
-6.05542e-005  2.84512e-005   0.000294349  -0.000576153   -0.00065899
 -0.000315945  -0.000150335   -0.00018234   0.000216835  6.65408e-005
-7.59026e-005  2.39134e-005  -8.0223e-005  3.99738e-005  -0.000378909
 1.55158e-005  -0.000355443   0.000237157  -0.000120482  -0.000412888
  0.000399547  -0.000896109   0.000369715   0.000531201 -9.73539e-005
End of matrix R
Epoch number: 10
Matrix C1
-2.15401e-005  -0.000521325    0.00042956  -0.000589416   5.4407e-005
  0.000408297 -6.09419e-006  -0.000210287   0.000236198   0.000131496
   0.00108838   0.000175509   0.000600255   0.000438687 -9.20949e-005
 -0.000121901  -0.000338861   0.000696406  -0.000513286    -0.0012664
 -0.000426634  -0.000282859   -0.00104876  3.43849e-005  -0.000412743

End of matrix C1
Matrix C2
-6.46439e-006  -0.000496096   0.000382502  -0.000515168 -6.99798e-005
  0.000359882  6.77083e-006  -0.000267203   0.000215053   0.000115529
   0.00114943   0.000229416     0.0005629   0.000455985 -6.14635e-005
  -0.00019904  -0.000333171   0.000621896  -0.000500283   -0.00139855
  -0.00035092  -0.000291355  -0.000989517    0.00011163  -0.000474955

End of matrix C2
Matrix C3
-8.98594e-006  -0.000528105   0.000425906  -0.000572316  3.12836e-005
  0.000379418 -7.61623e-006  -0.000209669   0.000241453  6.33375e-005
   0.00111831   0.000200203   0.000548953   0.000371828 -1.91899e-005
 -0.000149506  -0.000384483   0.000729459  -0.000495941   -0.00131783
 -0.000466102  -0.000262235   -0.00100768 -2.54833e-005  -0.000462297

End of matrix C3
Matrix C4
  0.000176944  -0.000489412   0.000525469  -0.000468948  9.15549e-007
  0.000398168  6.62782e-005  -0.000179016   0.000237067  8.05057e-005
   0.00127501   0.000280209   0.000759768   0.000458838 -5.99848e-005
-7.92012e-005  -0.000315954   0.000734056  -0.000402789   -0.00138469
 -0.000442947  -0.000315216   -0.00105352  1.55288e-005  -0.000313125

End of matrix C4
Matrix C5
 7.30278e-005  -0.000490023   0.000409399  -0.000518395  -6.3536e-006
  0.000378375  8.15228e-005  -0.000242572   0.000260349  9.38065e-005
   0.00115605   0.000217777   0.000726057   0.000351617 -7.32224e-005
 -0.000184242  -0.000329523   0.000613851  -0.000376507   -0.00136648
 -0.000326286  -0.000244631   -0.00103963  6.58432e-005  -0.000362749

End of matrix C5
Matrix R
 -0.000219721  -0.000479344   0.000386837  -0.000687761   0.000230996
  0.000259002  2.65959e-005  -0.000363237    0.00022645   0.000286909
   0.00144701   0.000109098    0.00154446   0.000390618  -0.000662368
 -0.000115084  -0.000334231   0.000639847   -0.00037025   -0.00130531
 -0.000775824  -0.000275801   -0.00123495  -0.000116331  -0.000223116
-7.16723e-006 -9.28383e-005  -0.000345417 -2.43547e-005   0.000413224
  0.000182905  -0.000374227   0.000678702   0.000394149  -0.000186172
  0.000366953   0.000603427  6.87387e-005  -0.000127986   0.000535856
 -0.000660871 -6.05221e-005  -0.000266179  5.02081e-005   0.000828194
-3.29626e-006  -0.000208962  -0.000189355  -0.000255601  -0.000769755
 -0.000489807    0.00039218   0.000687684  -0.000588313  -0.000499275
  0.000812948  9.80899e-005  -0.000127904   0.000753755  -0.000970138
   0.00036212 -2.41838e-005   0.000440428  -0.000569999   0.000520373
  0.000265426  -0.000723457  1.56172e-005   0.000499807 -9.78427e-005
  -0.00021244  -0.000518976  -0.000103261  -0.000536896   0.000367343
 3.65249e-006  8.55737e-005  1.07132e-006  3.27546e-005    0.00056524
 -9.4602e-005   0.000640264   0.000590716   0.000195123 -1.52102e-005
 -2.4119e-005  5.57431e-005  -0.000922159   0.000509093 -7.42285e-005
  0.000466797   0.000509618  -0.000353438  7.46275e-005    0.00103024
-7.67871e-005   0.000403328   -0.00148583   0.000678791 -8.40889e-005
 -0.000241589  -0.000202215  -0.000279825   0.000814527   0.000425755
   0.00020378  -0.000630394   0.000283868   0.000197397  -0.000133687
 -0.000466646  -0.000487947  -0.000389859   0.000487779  -0.000181171
  0.000481962  -0.000231124  -0.000174392   -0.00032061  -0.000176703
  0.000604354   0.000304111   0.000609063   0.000795437  -0.000834287
  0.000469163  4.44287e-005  -0.000532761    0.00086661    0.00037045
 5.15883e-005 -7.53326e-005  -0.000996388   0.000271139    0.00123843
  0.000401151  -0.000972566  -0.000546207   -0.00104883  -0.000509574
-7.94577e-005   -0.00013055   0.000567118   0.000465165    0.00100931
 -0.000256828   -0.00053257   0.000141077   0.000168294   -0.00106922
 -0.000101873   0.000601331   0.000743349  -0.000208005   0.000512831
  0.000404947   0.000126913   0.000155653  2.77031e-005  -0.000103516
 -0.000736368   0.000119134   0.000690711   0.000453646  -0.000421776
 -0.000713082  -0.000319979  -0.000183826    -0.0002333  -0.000421488
   0.00112016   -0.00124224  9.61265e-005  -0.000117797   -0.00090978
  0.000413345  1.58725e-006  -0.000283874   0.000141857   0.000838172
-9.22884e-005  -0.000108327   -0.00050649    0.00016603  -0.000254217
 -0.000796742   0.000121943   0.000149717   0.000998825  -0.000303787
   0.00011414   -0.00071391  -0.000165156  -0.000614835   0.000439428
  0.000242498  -0.000373147   0.000375346   0.000388501   0.000400935
   -6.16e-005  2.84354e-005   0.000291465  -0.000575381  -0.000659598
 -0.000316991   -0.00015035  -0.000185224   0.000217606  6.59327e-005
-7.69485e-005  2.38976e-005 -8.31074e-005  4.07456e-005  -0.000379517
 1.44699e-005  -0.000355459   0.000234273   -0.00011971  -0.000413496
  0.000398501  -0.000896125   0.000366831   0.000531973  -9.7962e-005
End of matrix R
