-0.0859146 -0.0859146
-0.0679163 -0.0679163
-0.139102 -0.139102
-0.0560945 -0.0560945
-0.23291 -0.23291
0.0738397 0.0738397
0.12171 0.12171
-0.12563 -0.12563
-0.0235039 -0.0235039
0.20978 0.20978
-0.576217 -0.576217
-0.455505 -0.455505
-0.932939 -0.932939
-0.376217 -0.376217
-1.5621 -1.5621
0.495232 0.495232
0.816291 0.816291
-0.842585 -0.842585
-0.157637 -0.157637
1.40696 1.40696
0.735805 0.735805
0.581661 0.581661
1.19132 1.19132
0.480414 0.480414
1.99473 1.99473
-0.632391 -0.632391
-1.04237 -1.04237
1.07595 1.07595
0.201296 0.201296
-1.79664 -1.79664
-0.00184686 -0.00184686
-0.00145996 -0.00145996
-0.0029902 -0.0029902
-0.00120583 -0.00120583
-0.00500675 -0.00500675
0.00158729 0.00158729
0.00261633 0.00261633
-0.00270061 -0.00270061
-0.00050525 -0.00050525
0.00450953 0.00450953
0.14823 0.14823
0.117177 0.117177
0.239995 0.239995
0.0967804 0.0967804
0.401843 0.401843
-0.127396 -0.127396
-0.209988 -0.209988
0.216752 0.216752
0.0405515 0.0405515
-0.361936 -0.361936
-0.158355 -0.158355
-0.125181 -0.125181
-0.256389 -0.256389
-0.103392 -0.103392
-0.429294 -0.429294
0.136099 0.136099
0.224332 0.224332
-0.231558 -0.231558
-0.0433216 -0.0433216
0.38666 0.38666
-0.214278 -0.214278
-0.169389 -0.169389
-0.346932 -0.346932
-0.139904 -0.139904
-0.580897 -0.580897
0.184162 0.184162
0.303554 0.303554
-0.313332 -0.313332
-0.0586205 -0.0586205
0.523208 0.523208
-0.439344 -0.439344
-0.347306 -0.347306
-0.711331 -0.711331
-0.286852 -0.286852
-1.19104 -1.19104
0.377596 0.377596
0.622391 0.622391
-0.642439 -0.642439
-0.120192 -0.120192
1.07276 1.07276
-0.0585297 -0.0585297
-0.0462683 -0.0462683
-0.0947641 -0.0947641
-0.0382146 -0.0382146
-0.158671 -0.158671
0.0503036 0.0503036
0.0829155 0.0829155
-0.0855863 -0.0855863
-0.0160121 -0.0160121
0.142914 0.142914
-0.649996 -0.649996
-0.513828 -0.513828
-1.05239 -1.05239
-0.424388 -0.424388
-1.76211 -1.76211
0.558642 0.558642
0.920809 0.920809
-0.950469 -0.950469
-0.177821 -0.177821
1.58711 1.58711
-0.0859146 -0.0859146
-0.0679163 -0.0679163
-0.139102 -0.139102
-0.0560945 -0.0560945
-0.23291 -0.23291
0.0738397 0.0738397
0.12171 0.12171
-0.12563 -0.12563
-0.0235039 -0.0235039
0.20978 0.20978
-0.576217 -0.576217
-0.455505 -0.455505
-0.932939 -0.932939
-0.376217 -0.376217
-1.5621 -1.5621
0.495232 0.495232
0.816291 0.816291
-0.842585 -0.842585
-0.157637 -0.157637
1.40696 1.40696
0.735805 0.735805
0.581661 0.581661
1.19132 1.19132
0.480414 0.480414
1.99473 1.99473
-0.632391 -0.632391
-1.04237 -1.04237
1.07595 1.07595
0.201296 0.201296
-1.79664 -1.79664
-0.00184686 -0.00184686
-0.00145996 -0.00145996
-0.0029902 -0.0029902
-0.00120583 -0.00120583
-0.00500675 -0.00500675
0.00158729 0.00158729
0.00261633 0.00261633
-0.00270061 -0.00270061
-0.00050525 -0.00050525
0.00450953 0.00450953
0.14823 0.14823
0.117177 0.117177
0.239995 0.239995
0.0967804 0.0967804
0.401843 0.401843
-0.127396 -0.127396
-0.209988 -0.209988
0.216752 0.216752
0.0405515 0.0405515
-0.361936 -0.361936
-0.158355 -0.158355
-0.125181 -0.125181
-0.256389 -0.256389
-0.103392 -0.103392
-0.429294 -0.429294
0.136099 0.136099
0.224332 0.224332
-0.231558 -0.231558
-0.0433216 -0.0433216
0.38666 0.38666
-0.214278 -0.214278
-0.169389 -0.169389
-0.346932 -0.346932
-0.139904 -0.139904
-0.580897 -0.580897
0.184162 0.184162
0.303554 0.303554
-0.313332 -0.313332
-0.0586205 -0.0586205
0.523208 0.523208
-0.439344 -0.439344
-0.347306 -0.347306
-0.711331 -0.711331
-0.286852 -0.286852
-1.19104 -1.19104
0.377596 0.377596
0.622391 0.622391
-0.642439 -0.642439
-0.120192 -0.120192
1.07276 1.07276
-0.0585297 -0.0585297
-0.0462683 -0.0462683
-0.0947641 -0.0947641
-0.0382146 -0.0382146
-0.158671 -0.158671
0.0503036 0.0503036
0.0829155 0.0829155
-0.0855863 -0.0855863
-0.0160121 -0.0160121
0.142914 0.142914
-0.649996 -0.649996
-0.513828 -0.513828
-1.05239 -1.05239
-0.424388 -0.424388
-1.76211 -1.76211
0.558642 0.558642
0.920809 0.920809
-0.950469 -0.950469
-0.177821 -0.177821
1.58711 1.58711
-0.138229 -0.138229
0.0662676 0.0662676
-0.0351139 -0.0351139
0.0583287 0.0583287
0.189821 0.189821
-0.121285 -0.121285
0.0295215 0.0295215
-0.0987507 -0.0987507
-0.0602106 -0.0602106
0.142848 0.142848
-0.927083 -0.927083
0.444447 0.444447
-0.235504 -0.235504
0.391202 0.391202
1.2731 1.2731
-0.81344 -0.81344
0.197997 0.197997
-0.662307 -0.662307
-0.403824 -0.403824
0.958059 0.958059
1.18385 1.18385
-0.567541 -0.567541
0.300729 0.300729
-0.499549 -0.499549
-1.6257 -1.6257
1.03873 1.03873
-0.252833 -0.252833
0.845738 0.845738
0.515666 0.515666
-1.2234 -1.2234
-0.00297144 -0.00297144
0.00142452 0.00142452
-0.000754824 -0.000754824
0.00125386 0.00125386
0.00408047 0.00408047
-0.00260719 -0.00260719
0.000634608 0.000634608
-0.00212279 -0.00212279
-0.00129431 -0.00129431
0.00307072 0.00307072
0.238488 0.238488
-0.114332 -0.114332
0.0605824 0.0605824
-0.100635 -0.100635
-0.3275 -0.3275
0.209254 0.209254
-0.0509339 -0.0509339
0.170376 0.170376
0.103882 0.103882
-0.246457 -0.246457
-0.25478 -0.25478
0.122142 0.122142
-0.0647209 -0.0647209
0.10751 0.10751
0.349872 0.349872
-0.223548 -0.223548
0.0544132 0.0544132
-0.182014 -0.182014
-0.110978 -0.110978
0.263292 0.263292
-0.344754 -0.344754
0.165276 0.165276
-0.0875767 -0.0875767
0.145476 0.145476
0.473427 0.473427
-0.302493 -0.302493
0.073629 0.073629
-0.246292 -0.246292
-0.15017 -0.15017
0.356273 0.356273
-0.706866 -0.706866
0.338874 0.338874
-0.179563 -0.179563
0.298277 0.298277
0.970691 0.970691
-0.620217 -0.620217
0.150965 0.150965
-0.504984 -0.504984
-0.307901 -0.307901
0.730484 0.730484
-0.0941693 -0.0941693
0.0451451 0.0451451
-0.0239215 -0.0239215
0.0397367 0.0397367
0.129316 0.129316
-0.0826258 -0.0826258
0.0201117 0.0201117
-0.0672744 -0.0672744
-0.0410188 -0.0410188
0.0973156 0.0973156
-1.04579 -1.04579
0.501354 0.501354
-0.265658 -0.265658
0.441292 0.441292
1.43611 1.43611
-0.917592 -0.917592
0.223348 0.223348
-0.747108 -0.747108
-0.455529 -0.455529
1.08073 1.08073
-0.107261 -0.107261
0.00246042 0.00246042
0.0624718 0.0624718
-0.0963282 -0.0963282
-0.0663634 -0.0663634
0.0810594 0.0810594
0.0882074 0.0882074
-0.024523 -0.024523
0.233851 0.233851
-0.0615978 -0.0615978
-0.719382 -0.719382
0.0165017 0.0165017
0.418989 0.418989
-0.646059 -0.646059
-0.44509 -0.44509
0.543654 0.543654
0.591594 0.591594
-0.164472 -0.164472
1.5684 1.5684
-0.413128 -0.413128
0.91862 0.91862
-0.021072 -0.021072
-0.535032 -0.535032
0.824991 0.824991
0.568361 0.568361
-0.694223 -0.694223
-0.755441 -0.755441
0.210024 0.210024
-2.00278 -2.00278
0.527547 0.527547
-0.00230572 -0.00230572
5.28903e-005 5.28903e-005
0.00134292 0.00134292
-0.00207071 -0.00207071
-0.00142658 -0.00142658
0.00174249 0.00174249
0.00189615 0.00189615
-0.000527157 -0.000527157
0.00502695 0.00502695
-0.00132413 -0.00132413
0.185058 0.185058
-0.004245 -0.004245
-0.107783 -0.107783
0.166196 0.166196
0.114498 0.114498
-0.139853 -0.139853
-0.152185 -0.152185
0.0423098 0.0423098
-0.403465 -0.403465
0.106275 0.106275
-0.1977 -0.1977
0.00453498 0.00453498
0.115146 0.115146
-0.177549 -0.177549
-0.122319 -0.122319
0.149406 0.149406
0.162581 0.162581
-0.0452 -0.0452
0.431026 0.431026
-0.113535 -0.113535
-0.267516 -0.267516
0.00613648 0.00613648
0.155809 0.155809
-0.24025 -0.24025
-0.165515 -0.165515
0.202168 0.202168
0.219996 0.219996
-0.0611622 -0.0611622
0.583241 0.583241
-0.15363 -0.15363
-0.548502 -0.548502
0.0125819 0.0125819
0.319463 0.319463
-0.492596 -0.492596
-0.339364 -0.339364
0.414516 0.414516
0.451068 0.451068
-0.125404 -0.125404
1.19585 1.19585
-0.314994 -0.314994
-0.0730718 -0.0730718
0.00167618 0.00167618
0.0425592 0.0425592
-0.0656241 -0.0656241
-0.0452104 -0.0452104
0.0552221 0.0552221
0.0600917 0.0600917
-0.0167064 -0.0167064
0.159312 0.159312
-0.0419638 -0.0419638
-0.811491 -0.811491
0.0186146 0.0186146
0.472636 0.472636
-0.728781 -0.728781
-0.502079 -0.502079
0.613263 0.613263
0.667342 0.667342
-0.185531 -0.185531
1.76922 1.76922
-0.466024 -0.466024
0.467458 0.467458
-0.251111 -0.251111
0.121706 0.121706
0.162557 0.162557
0.436131 0.436131
-0.147683 -0.147683
0.171349 0.171349
-0.0397714 -0.0397714
-0.182487 -0.182487
0.449207 0.449207
3.13518 3.13518
-1.68417 -1.68417
0.816265 0.816265
1.09025 1.09025
2.92507 2.92507
-0.990491 -0.990491
1.14922 1.14922
-0.266741 -0.266741
-1.22392 -1.22392
3.01277 3.01277
-4.00349 -4.00349
2.15061 2.15061
-1.04234 -1.04234
-1.3922 -1.3922
-3.73519 -3.73519
1.26482 1.26482
-1.4675 -1.4675
0.340617 0.340617
1.56289 1.56289
-3.84718 -3.84718
0.0100487 0.0100487
-0.005398 -0.005398
0.00261625 0.00261625
0.0034944 0.0034944
0.00937526 0.00937526
-0.00317467 -0.00317467
0.0036834 0.0036834
-0.000854943 -0.000854943
-0.00392283 -0.00392283
0.00965636 0.00965636
-0.806511 -0.806511
0.433245 0.433245
-0.209981 -0.209981
-0.280462 -0.280462
-0.752462 -0.752462
0.2548 0.2548
-0.295631 -0.295631
0.068618 0.068618
0.314848 0.314848
-0.775023 -0.775023
0.861605 0.861605
-0.462841 -0.462841
0.224325 0.224325
0.29962 0.29962
0.803863 0.803863
-0.272205 -0.272205
0.315826 0.315826
-0.0733054 -0.0733054
-0.336355 -0.336355
0.827965 0.827965
1.16588 1.16588
-0.626291 -0.626291
0.303544 0.303544
0.40543 0.40543
1.08774 1.08774
-0.368334 -0.368334
0.427358 0.427358
-0.0991928 -0.0991928
-0.455137 -0.455137
1.12036 1.12036
2.39045 2.39045
-1.28411 -1.28411
0.622371 0.622371
0.831273 0.831273
2.23025 2.23025
-0.755212 -0.755212
0.876234 0.876234
-0.20338 -0.20338
-0.93319 -0.93319
2.29712 2.29712
0.318458 0.318458
-0.171071 -0.171071
0.0829128 0.0829128
0.110743 0.110743
0.297116 0.297116
-0.10061 -0.10061
0.116733 0.116733
-0.0270944 -0.0270944
-0.12432 -0.12432
0.306025 0.306025
3.5366 3.5366
-1.89981 -1.89981
0.920779 0.920779
1.22984 1.22984
3.29959 3.29959
-1.11731 -1.11731
1.29636 1.29636
-0.300894 -0.300894
-1.38063 -1.38063
3.39852 3.39852
