-0.000928645 -0.000928645
-0.00752353 -0.00752353
-0.00376648 -0.00376648
-0.00117514 -0.00117514
-0.00090807 -0.00090807
-0.00135832 -0.00135832
0.00398391 0.00398391
-0.00820793 -0.00820793
0.0035491 0.0035491
-0.00476003 -0.00476003
0.00209281 0.00209281
0.0169552 0.0169552
0.00848822 0.00848822
0.00264831 0.00264831
0.00204644 0.00204644
0.00306113 0.00306113
-0.00897822 -0.00897822
0.0184976 0.0184976
-0.00799833 -0.00799833
0.0107273 0.0107273
0.00136707 0.00136707
0.0110755 0.0110755
0.00554467 0.00554467
0.00172993 0.00172993
0.00133678 0.00133678
0.00199959 0.00199959
-0.00586475 -0.00586475
0.012083 0.012083
-0.00522466 -0.00522466
0.00700729 0.00700729
-0.00108617 -0.00108617
-0.00879977 -0.00879977
-0.0044054 -0.0044054
-0.00137448 -0.00137448
-0.00106211 -0.00106211
-0.00158873 -0.00158873
0.00465971 0.00465971
-0.00960027 -0.00960027
0.00415115 0.00415115
-0.00556749 -0.00556749
0.000766274 0.000766274
0.00620807 0.00620807
0.00310792 0.00310792
0.000969668 0.000969668
0.000749297 0.000749297
0.00112082 0.00112082
-0.00328734 -0.00328734
0.0067728 0.0067728
-0.00292855 -0.00292855
0.00392776 0.00392776
-0.000700849 -0.000700849
-0.00567801 -0.00567801
-0.00284257 -0.00284257
-0.000886877 -0.000886877
-0.000685321 -0.000685321
-0.00102512 -0.00102512
0.00300666 0.00300666
-0.00619453 -0.00619453
0.00267851 0.00267851
-0.0035924 -0.0035924
-4.81804e-005 -4.81804e-005
-0.000390339 -0.000390339
-0.000195414 -0.000195414
-6.0969e-005 -6.0969e-005
-4.71129e-005 -4.71129e-005
-7.04729e-005 -7.04729e-005
0.000206695 0.000206695
-0.000425848 -0.000425848
0.000184136 0.000184136
-0.000246962 -0.000246962
-0.00129929 -0.00129929
-0.0105264 -0.0105264
-0.00526979 -0.00526979
-0.00164417 -0.00164417
-0.00127051 -0.00127051
-0.00190046 -0.00190046
0.005574 0.005574
-0.011484 -0.011484
0.00496565 0.00496565
-0.0066599 -0.0066599
-0.000714785 -0.000714785
-0.00579092 -0.00579092
-0.00289909 -0.00289909
-0.000904512 -0.000904512
-0.000698948 -0.000698948
-0.00104551 -0.00104551
0.00306645 0.00306645
-0.00631771 -0.00631771
0.00273177 0.00273177
-0.00366383 -0.00366383
-0.000873462 -0.000873462
-0.00707646 -0.00707646
-0.00354267 -0.00354267
-0.00110531 -0.00110531
-0.000854109 -0.000854109
-0.0012776 -0.0012776
0.00374717 0.00374717
-0.00772019 -0.00772019
0.0033382 0.0033382
-0.00447718 -0.00447718
-0.000928645 -0.000928645
-0.00752353 -0.00752353
-0.00376648 -0.00376648
-0.00117514 -0.00117514
-0.00090807 -0.00090807
-0.00135832 -0.00135832
0.00398391 0.00398391
-0.00820793 -0.00820793
0.0035491 0.0035491
-0.00476003 -0.00476003
0.00209281 0.00209281
0.0169552 0.0169552
0.00848822 0.00848822
0.00264831 0.00264831
0.00204644 0.00204644
0.00306113 0.00306113
-0.00897822 -0.00897822
0.0184976 0.0184976
-0.00799833 -0.00799833
0.0107273 0.0107273
0.00136707 0.00136707
0.0110755 0.0110755
0.00554467 0.00554467
0.00172993 0.00172993
0.00133678 0.00133678
0.00199959 0.00199959
-0.00586475 -0.00586475
0.012083 0.012083
-0.00522466 -0.00522466
0.00700729 0.00700729
-0.00108617 -0.00108617
-0.00879977 -0.00879977
-0.0044054 -0.0044054
-0.00137448 -0.00137448
-0.00106211 -0.00106211
-0.00158873 -0.00158873
0.00465971 0.00465971
-0.00960027 -0.00960027
0.00415115 0.00415115
-0.00556749 -0.00556749
0.000766274 0.000766274
0.00620807 0.00620807
0.00310792 0.00310792
0.000969668 0.000969668
0.000749297 0.000749297
0.00112082 0.00112082
-0.00328734 -0.00328734
0.0067728 0.0067728
-0.00292855 -0.00292855
0.00392776 0.00392776
-0.000700849 -0.000700849
-0.00567801 -0.00567801
-0.00284257 -0.00284257
-0.000886877 -0.000886877
-0.000685321 -0.000685321
-0.00102512 -0.00102512
0.00300666 0.00300666
-0.00619453 -0.00619453
0.00267851 0.00267851
-0.0035924 -0.0035924
-4.81804e-005 -4.81804e-005
-0.000390339 -0.000390339
-0.000195414 -0.000195414
-6.0969e-005 -6.0969e-005
-4.71129e-005 -4.71129e-005
-7.04729e-005 -7.04729e-005
0.000206695 0.000206695
-0.000425848 -0.000425848
0.000184136 0.000184136
-0.000246962 -0.000246962
-0.00129929 -0.00129929
-0.0105264 -0.0105264
-0.00526979 -0.00526979
-0.00164417 -0.00164417
-0.00127051 -0.00127051
-0.00190046 -0.00190046
0.005574 0.005574
-0.011484 -0.011484
0.00496565 0.00496565
-0.0066599 -0.0066599
-0.000714785 -0.000714785
-0.00579092 -0.00579092
-0.00289909 -0.00289909
-0.000904512 -0.000904512
-0.000698948 -0.000698948
-0.00104551 -0.00104551
0.00306645 0.00306645
-0.00631771 -0.00631771
0.00273177 0.00273177
-0.00366383 -0.00366383
-0.000873462 -0.000873462
-0.00707646 -0.00707646
-0.00354267 -0.00354267
-0.00110531 -0.00110531
-0.000854109 -0.000854109
-0.0012776 -0.0012776
0.00374717 0.00374717
-0.00772019 -0.00772019
0.0033382 0.0033382
-0.00447718 -0.00447718
-0.0203473 -0.0203473
-0.00166625 -0.00166625
-0.00208598 -0.00208598
-0.00632141 -0.00632141
-0.00619153 -0.00619153
-0.00371869 -0.00371869
0.00133132 0.00133132
-0.00111523 -0.00111523
-0.000213546 -0.000213546
-0.00632975 -0.00632975
0.0458552 0.0458552
0.00375511 0.00375511
0.00470101 0.00470101
0.014246 0.014246
0.0139534 0.0139534
0.00838052 0.00838052
-0.0030003 -0.0030003
0.00251331 0.00251331
0.000481253 0.000481253
0.0142648 0.0142648
0.0299535 0.0299535
0.00245291 0.00245291
0.00307079 0.00307079
0.0093058 0.0093058
0.00911461 0.00911461
0.00547432 0.00547432
-0.00195985 -0.00195985
0.00164174 0.00164174
0.000314364 0.000314364
0.00931808 0.00931808
-0.0237989 -0.0237989
-0.00194891 -0.00194891
-0.00243983 -0.00243983
-0.00739373 -0.00739373
-0.00724182 -0.00724182
-0.0043495 -0.0043495
0.00155716 0.00155716
-0.00130441 -0.00130441
-0.000249771 -0.000249771
-0.00740348 -0.00740348
0.0167897 0.0167897
0.00137492 0.00137492
0.00172125 0.00172125
0.00521613 0.00521613
0.00510896 0.00510896
0.00306849 0.00306849
-0.00109855 -0.00109855
0.000920236 0.000920236
0.000176209 0.000176209
0.00522301 0.00522301
-0.0153561 -0.0153561
-0.00125752 -0.00125752
-0.00157429 -0.00157429
-0.00477077 -0.00477077
-0.00467275 -0.00467275
-0.0028065 -0.0028065
0.00100475 0.00100475
-0.000841665 -0.000841665
-0.000161164 -0.000161164
-0.00477706 -0.00477706
-0.00105567 -0.00105567
-8.64494e-005 -8.64494e-005
-0.000108226 -0.000108226
-0.00032797 -0.00032797
-0.000321232 -0.000321232
-0.000192935 -0.000192935
6.90724e-005 6.90724e-005
-5.78609e-005 -5.7861e-005
-1.10793e-005 -1.10793e-005
-0.000328403 -0.000328403
-0.0284685 -0.0284685
-0.0023313 -0.0023313
-0.00291855 -0.00291855
-0.00884446 -0.00884446
-0.00866275 -0.00866275
-0.00520292 -0.00520292
0.00186269 0.00186269
-0.00156035 -0.00156035
-0.000298779 -0.000298779
-0.00885613 -0.00885613
-0.0156615 -0.0156615
-0.00128253 -0.00128253
-0.00160559 -0.00160559
-0.00486563 -0.00486563
-0.00476567 -0.00476567
-0.0028623 -0.0028623
0.00102473 0.00102473
-0.000858401 -0.000858401
-0.000164368 -0.000164368
-0.00487205 -0.00487205
-0.0191382 -0.0191382
-0.00156724 -0.00156724
-0.00196202 -0.00196202
-0.00594577 -0.00594577
-0.00582361 -0.00582361
-0.00349771 -0.00349771
0.00125221 0.00125221
-0.00104896 -0.00104896
-0.000200857 -0.000200857
-0.00595361 -0.00595361
0.00152812 0.00152812
-0.0151795 -0.0151795
-0.00104415 -0.00104415
-0.00167144 -0.00167144
0.00110918 0.00110918
0.00145601 0.00145601
-0.00560622 -0.00560622
-0.00317874 -0.00317874
-0.00423978 -0.00423978
0.0117858 0.0117858
-0.0034438 -0.0034438
0.0342089 0.0342089
0.00235313 0.00235313
0.00376679 0.00376679
-0.00249967 -0.00249967
-0.00328129 -0.00328129
0.0126343 0.0126343
0.00716368 0.00716368
0.00955484 0.00955484
-0.0265608 -0.0265608
-0.00224956 -0.00224956
0.0223459 0.0223459
0.00153711 0.00153711
0.00246054 0.00246054
-0.00163284 -0.00163284
-0.0021434 -0.0021434
0.00825296 0.00825296
0.00467946 0.00467946
0.00624141 0.00624141
-0.01735 -0.01735
0.00178734 0.00178734
-0.0177545 -0.0177545
-0.00122128 -0.00122128
-0.00195497 -0.00195497
0.00129734 0.00129734
0.001703 0.001703
-0.00655722 -0.00655722
-0.00371797 -0.00371797
-0.00495898 -0.00495898
0.0137851 0.0137851
-0.00126093 -0.00126093
0.0125254 0.0125254
0.000861587 0.000861587
0.00137919 0.00137919
-0.000915245 -0.000915245
-0.00120143 -0.00120143
0.00462599 0.00462599
0.00262295 0.00262295
0.00349846 0.00349846
-0.00972512 -0.00972512
0.00115327 0.00115327
-0.011456 -0.011456
-0.000788024 -0.000788024
-0.00126144 -0.00126144
0.0008371 0.0008371
0.00109885 0.00109885
-0.00423102 -0.00423102
-0.002399 -0.002399
-0.00319976 -0.00319976
0.00889477 0.00889477
7.92827e-005 7.92827e-005
-0.000787552 -0.000787552
-5.41733e-005 -5.41733e-005
-8.67185e-005 -8.67185e-005
5.75471e-005 5.75471e-005
7.55414e-005 7.55414e-005
-0.000290864 -0.000290864
-0.000164921 -0.000164921
-0.00021997 -0.00021997
0.000611478 0.000611478
0.00213804 0.00213804
-0.0212381 -0.0212381
-0.00146091 -0.00146091
-0.00233856 -0.00233856
0.00155189 0.00155189
0.00203714 0.00203714
-0.00784382 -0.00784382
-0.00444747 -0.00444747
-0.00593199 -0.00593199
0.0164899 0.0164899
0.00117621 0.00117621
-0.0116838 -0.0116838
-0.000803693 -0.000803693
-0.00128652 -0.00128652
0.000853745 0.000853745
0.0011207 0.0011207
-0.00431515 -0.00431515
-0.0024467 -0.0024467
-0.00326339 -0.00326339
0.00907164 0.00907164
0.00143731 0.00143731
-0.0142775 -0.0142775
-0.000982107 -0.000982107
-0.00157212 -0.00157212
0.00104327 0.00104327
0.00136949 0.00136949
-0.00527308 -0.00527308
-0.00298985 -0.00298985
-0.00398783 -0.00398783
0.0110855 0.0110855
0.00521017 0.00521017
0.00841117 0.00841117
-0.00441755 -0.00441755
0.011957 0.011957
0.00493518 0.00493518
0.000630909 0.000630909
0.00241325 0.00241325
-0.00341848 -0.00341848
0.0114798 0.0114798
0.00501526 0.00501526
-0.0117417 -0.0117417
-0.0189556 -0.0189556
0.00995548 0.00995548
-0.0269466 -0.0269466
-0.011122 -0.011122
-0.00142183 -0.00142183
-0.00543856 -0.00543856
0.00770396 0.00770396
-0.0258711 -0.0258711
-0.0113025 -0.0113025
-0.00766993 -0.00766993
-0.0123822 -0.0123822
0.00650311 0.00650311
-0.0176021 -0.0176021
-0.00726512 -0.00726512
-0.000928767 -0.000928767
-0.00355257 -0.00355257
0.00503238 0.00503238
-0.0168995 -0.0168995
-0.00738301 -0.00738301
0.00609398 0.00609398
0.00983798 0.00983798
-0.00516691 -0.00516691
0.0139853 0.0139853
0.00577235 0.00577235
0.000737932 0.000737932
0.00282262 0.00282262
-0.00399837 -0.00399837
0.0134271 0.0134271
0.00586602 0.00586602
-0.00429919 -0.00429919
-0.0069405 -0.0069405
0.00364515 0.00364515
-0.00986638 -0.00986638
-0.00407228 -0.00407228
-0.000520597 -0.000520597
-0.0019913 -0.0019913
0.00282077 0.00282077
-0.00947258 -0.00947258
-0.00413836 -0.00413836
0.00393212 0.00393212
0.00634791 0.00634791
-0.00333393 -0.00333393
0.00902398 0.00902398
0.00372458 0.00372458
0.000476147 0.000476147
0.00182128 0.00182128
-0.00257993 -0.00257993
0.0086638 0.0086638
0.00378502 0.00378502
0.000270316 0.000270316
0.000436392 0.000436392
-0.000229193 -0.000229193
0.00062036 0.00062036
0.000256049 0.000256049
3.27331e-005 3.27331e-005
0.000125206 0.000125206
-0.000177359 -0.000177359
0.0005956 0.0005956
0.000260204 0.000260204
0.00728969 0.00728969
0.0117683 0.0117683
-0.00618072 -0.00618072
0.0167294 0.0167294
0.00690495 0.00690495
0.000882723 0.000882723
0.00337645 0.00337645
-0.0047829 -0.0047829
0.0160617 0.0160617
0.007017 0.007017
0.0040103 0.0040103
0.00647414 0.00647414
-0.00340022 -0.00340022
0.00920342 0.00920342
0.00379864 0.00379864
0.000485615 0.000485615
0.0018575 0.0018575
-0.00263123 -0.00263123
0.00883608 0.00883608
0.00386029 0.00386029
0.00490056 0.00490056
0.00791135 0.00791135
-0.00415504 -0.00415504
0.0112465 0.0112465
0.00464191 0.00464191
0.000593418 0.000593418
0.00226985 0.00226985
-0.00321535 -0.00321535
0.0107976 0.0107976
0.00471724 0.00471724
