0.00787645 0.00787645
-0.060217 -0.060217
-0.00563464 -0.00563464
-0.0079445 -0.0079445
0.0221734 0.0221734
-0.0248469 -0.0248469
-0.0297341 -0.0297341
0.0153286 0.0153286
-0.0665436 -0.0665436
-0.0112141 -0.0112141
-0.0389272 -0.0389272
0.297606 0.297606
0.0278476 0.0278476
0.0392635 0.0392635
-0.109586 -0.109586
0.122799 0.122799
0.146953 0.146953
-0.0757572 -0.0757572
0.328873 0.328873
0.0554225 0.0554225
0.0356568 0.0356568
-0.272603 -0.272603
-0.0255081 -0.0255081
-0.0359649 -0.0359649
0.100379 0.100379
-0.112482 -0.112482
-0.134607 -0.134607
0.0693926 0.0693926
-0.301244 -0.301244
-0.0507664 -0.0507664
-0.0397809 -0.0397809
0.304133 0.304133
0.0284584 0.0284584
0.0401246 0.0401246
-0.111989 -0.111989
0.125492 0.125492
0.150176 0.150176
-0.0774186 -0.0774186
0.336086 0.336086
0.056638 0.056638
-0.0227297 -0.0227297
0.173773 0.173773
0.0162603 0.0162603
0.0229261 0.0229261
-0.0639874 -0.0639874
0.0717027 0.0717027
0.0858062 0.0858062
-0.0442349 -0.0442349
0.19203 0.19203
0.0323614 0.0323614
0.00887054 0.00887054
-0.0678169 -0.0678169
-0.00634578 -0.00634578
-0.00894717 -0.00894717
0.0249719 0.0249719
-0.0279828 -0.0279828
-0.0334869 -0.0334869
0.0172632 0.0172632
-0.0749421 -0.0749421
-0.0126294 -0.0126294
0.0412158 0.0412158
-0.315103 -0.315103
-0.0294849 -0.0294849
-0.0415719 -0.0415719
0.116029 0.116029
-0.130019 -0.130019
-0.155593 -0.155593
0.0802112 0.0802112
-0.348209 -0.348209
-0.058681 -0.058681
-0.0588928 -0.0588928
0.450247 0.450247
0.0421306 0.0421306
0.0594016 0.0594016
-0.165792 -0.165792
0.185782 0.185782
0.222324 0.222324
-0.114613 -0.114613
0.497552 0.497552
0.0838486 0.0838486
0.0694012 0.0694012
-0.530586 -0.530586
-0.0496481 -0.0496481
-0.0700008 -0.0700008
0.195375 0.195375
-0.218932 -0.218932
-0.261994 -0.261994
0.135064 0.135064
-0.586331 -0.586331
-0.09881 -0.09881
-0.000499673 -0.000499673
0.0038201 0.0038201
0.000357455 0.000357455
0.00050399 0.00050399
-0.00140665 -0.00140665
0.00157626 0.00157626
0.0018863 0.0018863
-0.000972427 -0.000972427
0.00422145 0.00422145
0.000711409 0.000711409
0.00787645 0.00787645
-0.060217 -0.060217
-0.00563464 -0.00563464
-0.0079445 -0.0079445
0.0221734 0.0221734
-0.0248469 -0.0248469
-0.0297341 -0.0297341
0.0153286 0.0153286
-0.0665436 -0.0665436
-0.0112141 -0.0112141
-0.0389272 -0.0389272
0.297606 0.297606
0.0278476 0.0278476
0.0392635 0.0392635
-0.109586 -0.109586
0.122799 0.122799
0.146953 0.146953
-0.0757572 -0.0757572
0.328873 0.328873
0.0554225 0.0554225
0.0356568 0.0356568
-0.272603 -0.272603
-0.0255081 -0.0255081
-0.0359649 -0.0359649
0.100379 0.100379
-0.112482 -0.112482
-0.134607 -0.134607
0.0693926 0.0693926
-0.301244 -0.301244
-0.0507664 -0.0507664
-0.0397809 -0.0397809
0.304133 0.304133
0.0284584 0.0284584
0.0401246 0.0401246
-0.111989 -0.111989
0.125492 0.125492
0.150176 0.150176
-0.0774186 -0.0774186
0.336086 0.336086
0.056638 0.056638
-0.0227297 -0.0227297
0.173773 0.173773
0.0162603 0.0162603
0.0229261 0.0229261
-0.0639874 -0.0639874
0.0717027 0.0717027
0.0858062 0.0858062
-0.0442349 -0.0442349
0.19203 0.19203
0.0323614 0.0323614
0.00887054 0.00887054
-0.0678169 -0.0678169
-0.00634578 -0.00634578
-0.00894717 -0.00894717
0.0249719 0.0249719
-0.0279828 -0.0279828
-0.0334869 -0.0334869
0.0172632 0.0172632
-0.0749421 -0.0749421
-0.0126294 -0.0126294
0.0412158 0.0412158
-0.315103 -0.315103
-0.0294849 -0.0294849
-0.0415719 -0.0415719
0.116029 0.116029
-0.130019 -0.130019
-0.155593 -0.155593
0.0802112 0.0802112
-0.348209 -0.348209
-0.058681 -0.058681
-0.0588928 -0.0588928
0.450247 0.450247
0.0421306 0.0421306
0.0594016 0.0594016
-0.165792 -0.165792
0.185782 0.185782
0.222324 0.222324
-0.114613 -0.114613
0.497552 0.497552
0.0838486 0.0838486
0.0694012 0.0694012
-0.530586 -0.530586
-0.0496481 -0.0496481
-0.0700008 -0.0700008
0.195375 0.195375
-0.218932 -0.218932
-0.261994 -0.261994
0.135064 0.135064
-0.586331 -0.586331
-0.09881 -0.09881
-0.000499673 -0.000499673
0.0038201 0.0038201
0.000357455 0.000357455
0.00050399 0.00050399
-0.00140665 -0.00140665
0.00157626 0.00157626
0.0018863 0.0018863
-0.000972427 -0.000972427
0.00422145 0.00422145
0.000711409 0.000711409
0.00787645 0.00787645
-0.060217 -0.060217
-0.00563464 -0.00563464
-0.0079445 -0.0079445
0.0221734 0.0221734
-0.0248469 -0.0248469
-0.0297341 -0.0297341
0.0153286 0.0153286
-0.0665436 -0.0665436
-0.0112141 -0.0112141
-0.0389272 -0.0389272
0.297606 0.297606
0.0278476 0.0278476
0.0392635 0.0392635
-0.109586 -0.109586
0.122799 0.122799
0.146953 0.146953
-0.0757572 -0.0757572
0.328873 0.328873
0.0554225 0.0554225
0.0356568 0.0356568
-0.272603 -0.272603
-0.0255081 -0.0255081
-0.0359649 -0.0359649
0.100379 0.100379
-0.112482 -0.112482
-0.134607 -0.134607
0.0693926 0.0693926
-0.301244 -0.301244
-0.0507664 -0.0507664
-0.0397809 -0.0397809
0.304133 0.304133
0.0284584 0.0284584
0.0401246 0.0401246
-0.111989 -0.111989
0.125492 0.125492
0.150176 0.150176
-0.0774186 -0.0774186
0.336086 0.336086
0.056638 0.056638
-0.0227297 -0.0227297
0.173773 0.173773
0.0162603 0.0162603
0.0229261 0.0229261
-0.0639874 -0.0639874
0.0717027 0.0717027
0.0858062 0.0858062
-0.0442349 -0.0442349
0.19203 0.19203
0.0323614 0.0323614
0.00887054 0.00887054
-0.0678169 -0.0678169
-0.00634578 -0.00634578
-0.00894717 -0.00894717
0.0249719 0.0249719
-0.0279828 -0.0279828
-0.0334869 -0.0334869
0.0172632 0.0172632
-0.0749421 -0.0749421
-0.0126294 -0.0126294
0.0412158 0.0412158
-0.315103 -0.315103
-0.0294849 -0.0294849
-0.0415719 -0.0415719
0.116029 0.116029
-0.130019 -0.130019
-0.155593 -0.155593
0.0802112 0.0802112
-0.348209 -0.348209
-0.058681 -0.058681
-0.0588928 -0.0588928
0.450247 0.450247
0.0421306 0.0421306
0.0594016 0.0594016
-0.165792 -0.165792
0.185782 0.185782
0.222324 0.222324
-0.114613 -0.114613
0.497552 0.497552
0.0838486 0.0838486
0.0694012 0.0694012
-0.530586 -0.530586
-0.0496481 -0.0496481
-0.0700008 -0.0700008
0.195375 0.195375
-0.218932 -0.218932
-0.261994 -0.261994
0.135064 0.135064
-0.586331 -0.586331
-0.09881 -0.09881
-0.000499673 -0.000499673
0.0038201 0.0038201
0.000357455 0.000357455
0.00050399 0.00050399
-0.00140665 -0.00140665
0.00157626 0.00157626
0.0018863 0.0018863
-0.000972427 -0.000972427
0.00422145 0.00422145
0.000711409 0.000711409
0.00787645 0.00787645
-0.060217 -0.060217
-0.00563464 -0.00563464
-0.0079445 -0.0079445
0.0221734 0.0221734
-0.0248469 -0.0248469
-0.0297341 -0.0297341
0.0153286 0.0153286
-0.0665436 -0.0665436
-0.0112141 -0.0112141
-0.0389272 -0.0389272
0.297606 0.297606
0.0278476 0.0278476
0.0392635 0.0392635
-0.109586 -0.109586
0.122799 0.122799
0.146953 0.146953
-0.0757572 -0.0757572
0.328873 0.328873
0.0554225 0.0554225
0.0356568 0.0356568
-0.272603 -0.272603
-0.0255081 -0.0255081
-0.0359649 -0.0359649
0.100379 0.100379
-0.112482 -0.112482
-0.134607 -0.134607
0.0693926 0.0693926
-0.301244 -0.301244
-0.0507664 -0.0507664
-0.0397809 -0.0397809
0.304133 0.304133
0.0284584 0.0284584
0.0401246 0.0401246
-0.111989 -0.111989
0.125492 0.125492
0.150176 0.150176
-0.0774186 -0.0774186
0.336086 0.336086
0.056638 0.056638
-0.0227297 -0.0227297
0.173773 0.173773
0.0162603 0.0162603
0.0229261 0.0229261
-0.0639874 -0.0639874
0.0717027 0.0717027
0.0858062 0.0858062
-0.0442349 -0.0442349
0.19203 0.19203
0.0323614 0.0323614
0.00887054 0.00887054
-0.0678169 -0.0678169
-0.00634578 -0.00634578
-0.00894717 -0.00894717
0.0249719 0.0249719
-0.0279828 -0.0279828
-0.0334869 -0.0334869
0.0172632 0.0172632
-0.0749421 -0.0749421
-0.0126294 -0.0126294
0.0412158 0.0412158
-0.315103 -0.315103
-0.0294849 -0.0294849
-0.0415719 -0.0415719
0.116029 0.116029
-0.130019 -0.130019
-0.155593 -0.155593
0.0802112 0.0802112
-0.348209 -0.348209
-0.058681 -0.058681
-0.0588928 -0.0588928
0.450247 0.450247
0.0421306 0.0421306
0.0594016 0.0594016
-0.165792 -0.165792
0.185782 0.185782
0.222324 0.222324
-0.114613 -0.114613
0.497552 0.497552
0.0838486 0.0838486
0.0694012 0.0694012
-0.530586 -0.530586
-0.0496481 -0.0496481
-0.0700008 -0.0700008
0.195375 0.195375
-0.218932 -0.218932
-0.261994 -0.261994
0.135064 0.135064
-0.586331 -0.586331
-0.09881 -0.09881
-0.000499673 -0.000499673
0.0038201 0.0038201
0.000357455 0.000357455
0.00050399 0.00050399
-0.00140665 -0.00140665
0.00157626 0.00157626
0.0018863 0.0018863
-0.000972427 -0.000972427
0.00422145 0.00422145
0.000711409 0.000711409
0.00787645 0.00787645
-0.060217 -0.060217
-0.00563464 -0.00563464
-0.0079445 -0.0079445
0.0221734 0.0221734
-0.0248469 -0.0248469
-0.0297341 -0.0297341
0.0153286 0.0153286
-0.0665436 -0.0665436
-0.0112141 -0.0112141
-0.0389272 -0.0389272
0.297606 0.297606
0.0278476 0.0278476
0.0392635 0.0392635
-0.109586 -0.109586
0.122799 0.122799
0.146953 0.146953
-0.0757572 -0.0757572
0.328873 0.328873
0.0554225 0.0554225
0.0356568 0.0356568
-0.272603 -0.272603
-0.0255081 -0.0255081
-0.0359649 -0.0359649
0.100379 0.100379
-0.112482 -0.112482
-0.134607 -0.134607
0.0693926 0.0693926
-0.301244 -0.301244
-0.0507664 -0.0507664
-0.0397809 -0.0397809
0.304133 0.304133
0.0284584 0.0284584
0.0401246 0.0401246
-0.111989 -0.111989
0.125492 0.125492
0.150176 0.150176
-0.0774186 -0.0774186
0.336086 0.336086
0.056638 0.056638
-0.0227297 -0.0227297
0.173773 0.173773
0.0162603 0.0162603
0.0229261 0.0229261
-0.0639874 -0.0639874
0.0717027 0.0717027
0.0858062 0.0858062
-0.0442349 -0.0442349
0.19203 0.19203
0.0323614 0.0323614
0.00887054 0.00887054
-0.0678169 -0.0678169
-0.00634578 -0.00634578
-0.00894717 -0.00894717
0.0249719 0.0249719
-0.0279828 -0.0279828
-0.0334869 -0.0334869
0.0172632 0.0172632
-0.0749421 -0.0749421
-0.0126294 -0.0126294
0.0412158 0.0412158
-0.315103 -0.315103
-0.0294849 -0.0294849
-0.0415719 -0.0415719
0.116029 0.116029
-0.130019 -0.130019
-0.155593 -0.155593
0.0802112 0.0802112
-0.348209 -0.348209
-0.058681 -0.058681
-0.0588928 -0.0588928
0.450247 0.450247
0.0421306 0.0421306
0.0594016 0.0594016
-0.165792 -0.165792
0.185782 0.185782
0.222324 0.222324
-0.114613 -0.114613
0.497552 0.497552
0.0838486 0.0838486
0.0694012 0.0694012
-0.530586 -0.530586
-0.0496481 -0.0496481
-0.0700008 -0.0700008
0.195375 0.195375
-0.218932 -0.218932
-0.261994 -0.261994
0.135064 0.135064
-0.586331 -0.586331
-0.09881 -0.09881
-0.000499673 -0.000499673
0.0038201 0.0038201
0.000357455 0.000357455
0.00050399 0.00050399
-0.00140665 -0.00140665
0.00157626 0.00157626
0.0018863 0.0018863
-0.000972427 -0.000972427
0.00422145 0.00422145
0.000711409 0.000711409
