0.00837656 0.00837656
0.00644982 0.00644982
0.00441363 0.00441363
-0.00459983 -0.00459983
0.000742336 0.000742336
0.00642849 0.00642849
0.000700758 0.000700758
0.00274622 0.00274622
0.00823554 0.00823554
-0.0161895 -0.0161895
-1.02014 -1.02014
-0.78549 -0.78549
-0.537513 -0.537513
0.560189 0.560189
-0.0904052 -0.0904052
-0.782892 -0.782892
-0.0853416 -0.0853416
-0.334448 -0.334448
-1.00296 -1.00296
1.97164 1.97164
1.21334 1.21334
0.934256 0.934256
0.639314 0.639314
-0.666285 -0.666285
0.107527 0.107527
0.931166 0.931166
0.101505 0.101505
0.39779 0.39779
1.19292 1.19292
-2.34505 -2.34505
0.0484221 0.0484221
0.0372843 0.0372843
0.0255137 0.0255137
-0.0265901 -0.0265901
0.00429119 0.00429119
0.037161 0.037161
0.00405085 0.00405085
0.015875 0.015875
0.0476069 0.0476069
-0.0935862 -0.0935862
0.18425 0.18425
0.141869 0.141869
0.0970815 0.0970815
-0.101177 -0.101177
0.0163283 0.0163283
0.1414 0.1414
0.0154138 0.0154138
0.0604055 0.0604055
0.181148 0.181148
-0.356102 -0.356102
-0.145755 -0.145755
-0.112229 -0.112229
-0.0767985 -0.0767985
0.0800385 0.0800385
-0.0129169 -0.0129169
-0.111858 -0.111858
-0.0121934 -0.0121934
-0.0477851 -0.0477851
-0.143301 -0.143301
0.281703 0.281703
-0.479522 -0.479522
-0.369224 -0.369224
-0.252661 -0.252661
0.26332 0.26332
-0.0424955 -0.0424955
-0.368003 -0.368003
-0.0401153 -0.0401153
-0.157209 -0.157209
-0.471449 -0.471449
0.926779 0.926779
-0.637249 -0.637249
-0.490672 -0.490672
-0.335768 -0.335768
0.349933 0.349933
-0.0564734 -0.0564734
-0.489049 -0.489049
-0.0533103 -0.0533103
-0.20892 -0.20892
-0.626521 -0.626521
1.23162 1.23162
0.0144413 0.0144413
0.0111196 0.0111196
0.00760916 0.00760916
-0.00793017 -0.00793017
0.0012798 0.0012798
0.0110828 0.0110828
0.00120812 0.00120812
0.00473453 0.00473453
0.0141982 0.0141982
-0.0279109 -0.0279109
-1.08975 -1.08975
-0.839089 -0.839089
-0.57419 -0.57419
0.598414 0.598414
-0.0965741 -0.0965741
-0.836314 -0.836314
-0.091165 -0.091165
-0.35727 -0.35727
-1.0714 -1.0714
2.10617 2.10617
0.00464839 0.00464839
-0.000106628 -0.000106628
-0.00270736 -0.00270736
0.0041746 0.0041746
0.00287601 0.00287601
-0.0035129 -0.0035129
-0.00382267 -0.00382267
0.00106276 0.00106276
-0.0101345 -0.0101345
0.00266948 0.00266948
-0.566103 -0.566103
0.0129857 0.0129857
0.329715 0.329715
-0.508403 -0.508403
-0.350254 -0.350254
0.427817 0.427817
0.465543 0.465543
-0.129428 -0.129428
1.23422 1.23422
-0.325102 -0.325102
0.673318 0.673318
-0.0154451 -0.0154451
-0.39216 -0.39216
0.604691 0.604691
0.41659 0.41659
-0.508842 -0.508842
-0.553713 -0.553713
0.153941 0.153941
-1.46797 -1.46797
0.386674 0.386674
0.0268708 0.0268708
-0.000616381 -0.000616381
-0.0156503 -0.0156503
0.024132 0.024132
0.0166252 0.0166252
-0.0203069 -0.0203069
-0.0220976 -0.0220976
0.00614346 0.00614346
-0.0585839 -0.0585839
0.0154314 0.0154314
0.102245 0.102245
-0.00234538 -0.00234538
-0.0595506 -0.0595506
0.091824 0.091824
0.0632603 0.0632603
-0.0772691 -0.0772691
-0.0840829 -0.0840829
0.0233763 0.0233763
-0.222916 -0.222916
0.0587175 0.0587175
-0.0808834 -0.0808834
0.00185536 0.00185536
0.0471089 0.0471089
-0.0726394 -0.0726394
-0.0500434 -0.0500434
0.0611255 0.0611255
0.0665157 0.0665157
-0.0184924 -0.0184924
0.176343 0.176343
-0.0464498 -0.0464498
-0.2661 -0.2661
0.00610399 0.00610399
0.154984 0.154984
-0.238978 -0.238978
-0.164639 -0.164639
0.201098 0.201098
0.218831 0.218831
-0.0608384 -0.0608384
0.580153 0.580153
-0.152816 -0.152816
-0.353627 -0.353627
0.00811176 0.00811176
0.205963 0.205963
-0.317584 -0.317584
-0.218793 -0.218793
0.267245 0.267245
0.290811 0.290811
-0.0808498 -0.0808498
0.770981 0.770981
-0.203082 -0.203082
0.00801388 0.00801388
-0.000183828 -0.000183828
-0.00466752 -0.00466752
0.00719707 0.00719707
0.00495828 0.00495828
-0.00605628 -0.00605628
-0.00659034 -0.00659034
0.00183221 0.00183221
-0.0174719 -0.0174719
0.00460222 0.00460222
-0.604731 -0.604731
0.0138718 0.0138718
0.352213 0.352213
-0.543095 -0.543095
-0.374154 -0.374154
0.45701 0.45701
0.49731 0.49731
-0.13826 -0.13826
1.31844 1.31844
-0.347286 -0.347286
-0.0202584 -0.0202584
0.0108825 0.0108825
-0.00527441 -0.00527441
-0.00704479 -0.00704479
-0.0189007 -0.0189007
0.0064002 0.0064002
-0.00742582 -0.00742582
0.00172358 0.00172358
0.00790851 0.00790851
-0.0194674 -0.0194674
2.46716 2.46716
-1.32532 -1.32532
0.642343 0.642343
0.857948 0.857948
2.30182 2.30182
-0.779447 -0.779447
0.904352 0.904352
-0.209906 -0.209906
-0.963136 -0.963136
2.37084 2.37084
-2.93442 -2.93442
1.57633 1.57633
-0.763997 -0.763997
-1.02044 -1.02044
-2.73777 -2.73777
0.927068 0.927068
-1.07563 -1.07563
0.249661 0.249661
1.14555 1.14555
-2.81985 -2.81985
-0.117107 -0.117107
0.062908 0.062908
-0.0304896 -0.0304896
-0.0407236 -0.0407236
-0.109259 -0.109259
0.0369974 0.0369974
-0.0429262 -0.0429262
0.00996346 0.00996346
0.0457164 0.0457164
-0.112535 -0.112535
-0.4456 -0.4456
0.23937 0.23937
-0.116015 -0.116015
-0.154956 -0.154956
-0.415738 -0.415738
0.140778 0.140778
-0.163337 -0.163337
0.0379117 0.0379117
0.173954 0.173954
-0.428203 -0.428203
0.352502 0.352502
-0.189359 -0.189359
0.0917764 0.0917764
0.122581 0.122581
0.328879 0.328879
-0.111365 -0.111365
0.129212 0.129212
-0.0299909 -0.0299909
-0.13761 -0.13761
0.338739 0.338739
1.1597 1.1597
-0.622975 -0.622975
0.301937 0.301937
0.403283 0.403283
1.08198 1.08198
-0.366384 -0.366384
0.425096 0.425096
-0.0986677 -0.0986677
-0.452728 -0.452728
1.11443 1.11443
1.54116 1.54116
-0.827888 -0.827888
0.401252 0.401252
0.535934 0.535934
1.43788 1.43788
-0.486897 -0.486897
0.564921 0.564921
-0.131122 -0.131122
-0.601642 -0.601642
1.48099 1.48099
-0.0349257 -0.0349257
0.0187616 0.0187616
-0.00909315 -0.00909315
-0.0121453 -0.0121453
-0.0325851 -0.0325851
0.011034 0.011034
-0.0128022 -0.0128022
0.00297148 0.00297148
0.0136344 0.0136344
-0.0335621 -0.0335621
2.63551 2.63551
-1.41576 -1.41576
0.686174 0.686174
0.916491 0.916491
2.45889 2.45889
-0.832633 -0.832633
0.966061 0.966061
-0.224229 -0.224229
-1.02886 -1.02886
2.53261 2.53261
-0.00711991 -0.00711991
3.81868e-005 3.81868e-005
-0.000146801 -0.000146801
-0.00303775 -0.00303775
-0.00648205 -0.00648205
0.00255825 0.00255825
-0.00555822 -0.00555822
-0.00172224 -0.00172224
0.000189946 0.000189946
-0.0143104 -0.0143104
0.867097 0.867097
-0.00465057 -0.00465057
0.0178782 0.0178782
0.369952 0.369952
0.789415 0.789415
-0.311555 -0.311555
0.676907 0.676907
0.209743 0.209743
-0.0231326 -0.0231326
1.74279 1.74279
-1.03132 -1.03132
0.00553135 0.00553135
-0.0212641 -0.0212641
-0.440017 -0.440017
-0.938925 -0.938925
0.370561 0.370561
-0.805108 -0.805108
-0.249467 -0.249467
0.0275137 0.0275137
-2.07286 -2.07286
-0.0411578 -0.0411578
0.000220745 0.000220745
-0.000848609 -0.000848609
-0.0175602 -0.0175602
-0.0374706 -0.0374706
0.0147884 0.0147884
-0.0321302 -0.0321302
-0.00995571 -0.00995571
0.00109802 0.00109802
-0.0827238 -0.0827238
-0.156609 -0.156609
0.000839951 0.000839951
-0.00322902 -0.00322902
-0.0668179 -0.0668179
-0.142578 -0.142578
0.0562708 0.0562708
-0.122258 -0.122258
-0.0378822 -0.0378822
0.00417803 0.00417803
-0.31477 -0.31477
0.123889 0.123889
-0.000664462 -0.000664462
0.00255439 0.00255439
0.0528578 0.0528578
0.11279 0.11279
-0.0445143 -0.0445143
0.0967148 0.0967148
0.0299676 0.0299676
-0.00330513 -0.00330513
0.249006 0.249006
0.407584 0.407584
-0.00218603 -0.00218603
0.00840373 0.00840373
0.173898 0.173898
0.371069 0.371069
-0.146448 -0.146448
0.318184 0.318184
0.0985909 0.0985909
-0.0108736 -0.0108736
0.819209 0.819209
0.54165 0.54165
-0.00290507 -0.00290507
0.0111679 0.0111679
0.231098 0.231098
0.493124 0.493124
-0.194619 -0.194619
0.422843 0.422843
0.13102 0.13102
-0.0144502 -0.0144502
1.08867 1.08867
-0.0122748 -0.0122748
6.58346e-005 6.58346e-005
-0.000253087 -0.000253087
-0.00523712 -0.00523712
-0.0111751 -0.0111751
0.00441045 0.00441045
-0.00958245 -0.00958245
-0.00296917 -0.00296917
0.00032747 0.00032747
-0.0246714 -0.0246714
0.926264 0.926264
-0.00496791 -0.00496791
0.0190981 0.0190981
0.395195 0.395195
0.843282 0.843282
-0.332815 -0.332815
0.723096 0.723096
0.224055 0.224055
-0.0247111 -0.0247111
1.86171 1.86171
0.00464839 0.00464839
-0.000106628 -0.000106628
-0.00270736 -0.00270736
0.0041746 0.0041746
0.00287601 0.00287601
-0.0035129 -0.0035129
-0.00382267 -0.00382267
0.00106276 0.00106276
-0.0101345 -0.0101345
0.00266948 0.00266948
-0.566103 -0.566103
0.0129857 0.0129857
0.329715 0.329715
-0.508403 -0.508403
-0.350254 -0.350254
0.427817 0.427817
0.465543 0.465543
-0.129428 -0.129428
1.23422 1.23422
-0.325102 -0.325102
0.673318 0.673318
-0.0154451 -0.0154451
-0.39216 -0.39216
0.604691 0.604691
0.41659 0.41659
-0.508842 -0.508842
-0.553713 -0.553713
0.153941 0.153941
-1.46797 -1.46797
0.386674 0.386674
0.0268708 0.0268708
-0.000616381 -0.000616381
-0.0156503 -0.0156503
0.024132 0.024132
0.0166252 0.0166252
-0.0203069 -0.0203069
-0.0220976 -0.0220976
0.00614346 0.00614346
-0.0585839 -0.0585839
0.0154314 0.0154314
0.102245 0.102245
-0.00234538 -0.00234538
-0.0595506 -0.0595506
0.091824 0.091824
0.0632603 0.0632603
-0.0772691 -0.0772691
-0.0840829 -0.0840829
0.0233763 0.0233763
-0.222916 -0.222916
0.0587175 0.0587175
-0.0808834 -0.0808834
0.00185536 0.00185536
0.0471089 0.0471089
-0.0726394 -0.0726394
-0.0500434 -0.0500434
0.0611255 0.0611255
0.0665157 0.0665157
-0.0184924 -0.0184924
0.176343 0.176343
-0.0464498 -0.0464498
-0.2661 -0.2661
0.00610399 0.00610399
0.154984 0.154984
-0.238978 -0.238978
-0.164639 -0.164639
0.201098 0.201098
0.218831 0.218831
-0.0608384 -0.0608384
0.580153 0.580153
-0.152816 -0.152816
-0.353627 -0.353627
0.00811176 0.00811176
0.205963 0.205963
-0.317584 -0.317584
-0.218793 -0.218793
0.267245 0.267245
0.290811 0.290811
-0.0808498 -0.0808498
0.770981 0.770981
-0.203082 -0.203082
0.00801388 0.00801388
-0.000183828 -0.000183828
-0.00466752 -0.00466752
0.00719707 0.00719707
0.00495828 0.00495828
-0.00605628 -0.00605628
-0.00659034 -0.00659034
0.00183221 0.00183221
-0.0174719 -0.0174719
0.00460222 0.00460222
-0.604731 -0.604731
0.0138718 0.0138718
0.352213 0.352213
-0.543095 -0.543095
-0.374154 -0.374154
0.45701 0.45701
0.49731 0.49731
-0.13826 -0.13826
1.31844 1.31844
-0.347286 -0.347286
