-1.40987e-005 -1.40987e-005
-2.30385e-005 -2.30385e-005
-2.81545e-005 -2.81545e-005
-2.06179e-005 -2.06179e-005
-3.68486e-006 -3.68487e-006
-8.17695e-005 -8.17695e-005
-0.0010163 -0.0010163
-1.20832e-005 -1.20832e-005
-2.89571e-005 -2.89571e-005
-2.43521e-005 -2.43521e-005
-1.05114e-005 -1.05114e-005
-6.6714e-006 -6.67139e-006
-0.000600511 -0.000600511
-0.000328328 -0.000328328
-9.90851e-005 -9.90851e-005
-0.000201597 -0.000201597
-3.39044e-005 -3.39044e-005
-5.73358e-005 -5.73358e-005
-1.92894e-005 -1.92894e-005
-0.00018874 -0.00018874
-9.3781e-005 -9.3781e-005
-3.37274e-006 -3.37274e-006
-2.23962e-005 -2.23962e-005
-2.65584e-005 -2.65584e-005
-2.70721e-005 -2.70721e-005
-2.29304e-005 -2.29304e-005
-1.06584e-005 -1.06584e-005
-1.52562e-005 -1.52562e-005
-9.03893e-006 -9.03893e-006
-3.69672e-005 -3.69672e-005
-4.98839e-005 -4.98839e-005
-0.000249096 -0.000249096
-0.000667321 -0.000667321
-0.0118367 -0.0118367
-0.00724828 -0.00724828
-5.12916e-006 -5.12917e-006
-6.10872e-006 -6.10871e-006
-2.10429e-005 -2.10429e-005
-5.87658e-006 -5.87658e-006
-1.19141e-005 -1.19141e-005
-1.01235e-005 -1.01235e-005
-1.54573e-005 -1.54573e-005
-1.41014e-005 -1.41014e-005
-5.09472e-006 -5.09472e-006
-1.07689e-005 -1.07689e-005
-6.71659e-006 -6.71658e-006
-2.26848e-005 -2.26848e-005
-1.20084e-005 -1.20084e-005
-1.42923e-005 -1.42923e-005
-7.43765e-006 -7.43764e-006
-1.31088e-005 -1.31088e-005
-2.73856e-005 -2.73856e-005
-3.11189e-005 -3.11189e-005
-1.73385e-005 -1.73385e-005
-0.00118331 -0.00118331
-5.40505e-005 -5.40505e-005
-0.00201381 -0.00201381
-0.0424652 -0.0424652
-0.400437 -0.400437
-0.238005 -0.238005
-0.0316528 -0.0316528
-0.00738782 -0.00738782
-0.0114541 -0.0114541
-0.00616593 -0.00616593
-0.000553988 -0.000553988
-3.93786e-005 -3.93786e-005
-8.81312e-006 -8.81311e-006
-3.42523e-005 -3.42523e-005
-2.24338e-005 -2.24338e-005
-6.2976e-006 -6.29759e-006
-3.55741e-005 -3.55741e-005
-8.95315e-006 -8.95315e-006
-8.12346e-006 -8.12346e-006
-7.63816e-006 -7.63816e-006
-6.45353e-006 -6.45353e-006
-4.37821e-005 -4.37821e-005
-9.2374e-006 -9.2374e-006
-1.8909e-005 -1.8909e-005
-6.40317e-006 -6.40317e-006
-1.13038e-005 -1.13038e-005
-7.26347e-006 -7.26348e-006
-3.17872e-005 -3.17872e-005
-0.000144354 -0.000144354
-2.25669e-010 -2.22045e-010
-1.93361e-005 -1.93361e-005
-3.25327e-007 -3.25322e-007
-6.70083e-005 -6.70083e-005
-1.56149e-005 -1.56149e-005
-1.18428e-005 -1.18428e-005
-1.50557e-005 -1.50557e-005
-1.31233e-005 -1.31233e-005
-1.5075e-005 -1.5075e-005
-2.48068e-005 -2.48068e-005
-1.81638e-005 -1.81638e-005
-1.37574e-005 -1.37574e-005
-3.1134e-006 -3.1134e-006
-9.45405e-006 -9.45405e-006
-2.51432e-005 -2.51432e-005
-2.41926e-005 -2.41926e-005
-1.9931e-005 -1.9931e-005
-1.17325e-005 -1.17325e-005
-9.08896e-005 -9.08896e-005
-8.46182e-005 -8.46182e-005
-0.000149558 -0.000149558
-8.14455e-005 -8.14455e-005
-9.31529e-005 -9.31529e-005
-0.000160869 -0.000160869
-3.90373e-005 -3.90373e-005
-3.59202e-006 -3.59202e-006
-6.13624e-005 -6.13624e-005
-2.80965e-005 -2.80965e-005
-8.95144e-005 -8.95144e-005
-0.000114607 -0.000114607
-0.00040294 -0.00040294
-5.69699e-006 -5.69699e-006
-8.68112e-006 -8.68112e-006
-6.91321e-006 -6.91322e-006
-1.7139e-005 -1.7139e-005
-1.14737e-005 -1.14737e-005
-1.76783e-005 -1.76783e-005
-2.01129e-005 -2.01129e-005
-3.37566e-005 -3.37566e-005
-1.94906e-005 -1.94906e-005
-1.4936e-005 -1.4936e-005
-2.8557e-005 -2.8557e-005
-8.11261e-005 -8.11261e-005
-4.44764e-005 -4.44764e-005
-1.60508e-005 -1.60508e-005
-1.84279e-005 -1.84279e-005
-1.30371e-005 -1.30371e-005
-2.34786e-005 -2.34786e-005
-0.000155002 -0.000155002
-1.60994e-005 -1.60994e-005
-9.02689e-006 -9.02689e-006
-2.29012e-005 -2.29012e-005
-1.05217e-005 -1.05217e-005
-1.17946e-005 -1.17946e-005
-9.66426e-006 -9.66426e-006
-7.01589e-006 -7.01588e-006
-1.58118e-005 -1.58118e-005
-6.53354e-006 -6.53354e-006
-8.51716e-006 -8.51715e-006
-1.87831e-005 -1.87831e-005
-2.61779e-005 -2.61779e-005
-3.27806e-005 -3.27806e-005
-4.65761e-005 -4.65761e-005
-4.62567e-006 -4.62567e-006
-6.62525e-006 -6.62525e-006
-1.01072e-005 -1.01072e-005
-3.11701e-005 -3.11701e-005
-1.08288e-005 -1.08288e-005
-1.72648e-005 -1.72647e-005
-4.86651e-006 -4.86651e-006
-1.62989e-005 -1.62989e-005
-3.04651e-005 -3.04651e-005
-6.73094e-005 -6.73094e-005
-5.2757e-005 -5.2757e-005
-5.4837e-005 -5.48369e-005
-2.01619e-005 -2.01619e-005
-2.16911e-005 -2.16911e-005
-7.80972e-006 -7.80972e-006
-5.48862e-005 -5.48862e-005
-2.0819e-005 -2.0819e-005
-1.70406e-005 -1.70406e-005
-1.563e-005 -1.563e-005
-2.76662e-005 -2.76662e-005
-3.01277e-005 -3.01277e-005
-9.52404e-006 -9.52404e-006
-1.82404e-005 -1.82404e-005
-2.28093e-005 -2.28093e-005
-3.45703e-006 -3.45704e-006
-3.49424e-006 -3.49424e-006
-9.11526e-006 -9.11526e-006
-3.53569e-006 -3.53569e-006
-1.2154e-005 -1.2154e-005
-6.71355e-006 -6.71355e-006
-1.63968e-005 -1.63968e-005
-1.23093e-005 -1.23093e-005
-3.6595e-006 -3.6595e-006
-2.08145e-005 -2.08145e-005
-0.0753865 -0.0753865
-3.80043e-005 -3.80043e-005
-3.14575e-005 -3.14575e-005
-1.55335e-005 -1.55335e-005
-1.82095e-005 -1.82095e-005
-1.8843e-005 -1.8843e-005
-3.2138e-005 -3.2138e-005
-5.47567e-005 -5.47567e-005
-1.92908e-005 -1.92908e-005
-1.22016e-005 -1.22016e-005
-2.62667e-005 -2.62667e-005
-6.2563e-006 -6.25631e-006
-2.17795e-006 -2.17795e-006
-7.9176e-006 -7.9176e-006
-5.99633e-006 -5.99632e-006
-1.48861e-005 -1.48861e-005
-1.52496e-005 -1.52496e-005
-7.8246e-006 -7.82459e-006
-5.81031e-006 -5.81031e-006
-2.39486e-005 -2.39486e-005
-4.05653e-005 -4.05653e-005
-1.39759e-005 -1.39759e-005
-0.00220646 -0.00220646
-0.000163803 -0.000163803
-1.0846e-005 -1.0846e-005
-5.19299e-005 -5.19299e-005
-6.42252e-006 -6.42252e-006
-5.43516e-006 -5.43516e-006
-1.41531e-005 -1.41531e-005
-6.3916e-006 -6.3916e-006
-7.3132e-006 -7.3132e-006
-5.35188e-006 -5.35188e-006
-3.0085e-005 -3.0085e-005
-5.28055e-006 -5.28056e-006
-1.33968e-005 -1.33968e-005
-9.43574e-006 -9.43574e-006
-3.02671e-006 -3.02671e-006
-2.72409e-005 -2.72409e-005
-7.18684e-006 -7.18684e-006
-3.6209e-006 -3.6209e-006
-4.35322e-005 -4.35322e-005
-3.24876e-005 -3.24876e-005
-4.00873e-006 -4.00873e-006
-1.4072e-005 -1.4072e-005
-1.08177e-005 -1.08177e-005
-9.71345e-006 -9.71345e-006
-1.60919e-005 -1.60919e-005
-2.88389e-005 -2.88389e-005
-3.71391e-005 -3.71391e-005
-0.000133583 -0.000133583
-6.39092e-006 -6.39092e-006
-2.6733e-005 -2.6733e-005
-1.43086e-005 -1.43086e-005
-4.60448e-005 -4.60448e-005
-6.94367e-005 -6.94367e-005
-2.44797e-005 -2.44797e-005
-1.0847e-005 -1.0847e-005
-4.19528e-005 -4.19528e-005
-6.75334e-006 -6.75334e-006
-2.06202e-006 -2.06201e-006
-1.02528e-005 -1.02528e-005
-3.44283e-005 -3.44283e-005
-4.60052e-006 -4.60052e-006
-8.87293e-006 -8.87293e-006
-1.42672e-005 -1.42672e-005
-2.95026e-005 -2.95026e-005
-6.87222e-005 -6.87222e-005
-3.80709e-006 -3.80709e-006
-3.95737e-006 -3.95738e-006
-1.30521e-005 -1.30521e-005
-3.1121e-005 -3.1121e-005
-2.45636e-005 -2.45636e-005
-3.42904e-005 -3.42904e-005
-6.62365e-006 -6.62365e-006
-9.07195e-005 -9.07195e-005
-9.43022e-006 -9.43022e-006
-0.000134249 -0.000134249
-0.000147694 -0.000147694
-4.52129e-006 -4.52129e-006
-4.82008e-006 -4.82008e-006
-1.86823e-005 -1.86823e-005
-1.33281e-005 -1.33281e-005
-7.7737e-006 -7.77369e-006
-3.53187e-006 -3.53187e-006
-1.7642e-005 -1.7642e-005
-1.22942e-005 -1.22942e-005
-1.74158e-005 -1.74158e-005
-2.47103e-005 -2.47103e-005
-9.41383e-006 -9.41383e-006
-9.9111e-006 -9.91109e-006
-1.38485e-005 -1.38485e-005
-1.49156e-005 -1.49156e-005
-2.29825e-005 -2.29825e-005
-1.68127e-005 -1.68127e-005
-3.9218e-006 -3.9218e-006
-5.68729e-006 -5.68729e-006
-2.63812e-005 -2.63812e-005
-0.000965105 -0.000965105
-4.95119e-005 -4.95119e-005
-2.40306e-005 -2.40306e-005
-7.49822e-005 -7.49822e-005
-0.000393937 -0.000393937
-5.11085e-005 -5.11085e-005
-2.19761e-005 -2.19761e-005
-1.56456e-005 -1.56456e-005
-1.54939e-005 -1.54939e-005
-7.4157e-006 -7.4157e-006
-5.36013e-006 -5.36013e-006
-5.24875e-006 -5.24874e-006
-1.05757e-005 -1.05757e-005
-1.15153e-005 -1.15153e-005
-4.93273e-006 -4.93273e-006
-1.22114e-005 -1.22114e-005
-4.08348e-005 -4.08348e-005
-5.72941e-005 -5.72941e-005
-3.59577e-006 -3.59577e-006
-2.44914e-005 -2.44914e-005
-5.2371e-005 -5.2371e-005
-0.000431691 -0.000431691
-0.00126471 -0.00126471
-0.110079 -0.110079
-0.000452507 -0.000452507
-8.45138e-005 -8.45138e-005
-1.66092e-005 -1.66092e-005
-0.000113864 -0.000113864
-0.00048194 -0.00048194
-5.75285e-005 -5.75285e-005
-0.000395932 -0.000395932
-1.82416e-005 -1.82416e-005
-2.20774e-006 -2.20774e-006
-4.10319e-006 -4.10318e-006
-1.70546e-005 -1.70546e-005
-3.51764e-005 -3.51764e-005
-2.29683e-005 -2.29683e-005
-9.55588e-006 -9.55588e-006
-1.71397e-005 -1.71396e-005
-5.8334e-006 -5.8334e-006
-3.99609e-005 -3.99609e-005
-1.03905e-005 -1.03905e-005
-6.50269e-006 -6.50268e-006
-1.31164e-005 -1.31164e-005
-1.14987e-005 -1.14987e-005
-2.57726e-005 -2.57726e-005
-5.80274e-006 -5.80274e-006
-0.000984618 -0.000984618
0.999569 0.999569
-2.89855e-005 -2.89855e-005
-2.35044e-005 -2.35044e-005
-8.4868e-005 -8.4868e-005
-0.000857912 -0.000857912
-0.000125804 -0.000125804
-3.14329e-006 -3.1433e-006
-9.7403e-006 -9.74031e-006
-4.48129e-006 -4.4813e-006
-7.50625e-006 -7.50624e-006
-2.1576e-005 -2.1576e-005
-7.3158e-006 -7.3158e-006
-4.02038e-006 -4.02038e-006
-1.93135e-005 -1.93135e-005
-5.34706e-006 -5.34707e-006
-2.18273e-005 -2.18273e-005
-1.30143e-005 -1.30143e-005
-4.7635e-005 -4.7635e-005
-3.36556e-006 -3.36557e-006
-8.0426e-006 -8.0426e-006
-3.03416e-005 -3.03416e-005
-7.54886e-006 -7.54886e-006
-1.18303e-005 -1.18303e-005
-5.37056e-005 -5.37056e-005
-5.17945e-005 -5.17945e-005
-2.2162e-005 -2.2162e-005
-0.000124527 -0.000124527
-6.70899e-005 -6.70899e-005
-6.68599e-005 -6.68599e-005
-9.02907e-006 -9.02907e-006
-1.13217e-005 -1.13217e-005
-1.23611e-005 -1.23611e-005
-8.23395e-006 -8.23395e-006
-1.53028e-005 -1.53028e-005
-1.06398e-005 -1.06398e-005
-6.36592e-006 -6.36591e-006
-1.10032e-005 -1.10032e-005
-1.50337e-005 -1.50337e-005
-8.31627e-006 -8.31627e-006
-2.79243e-005 -2.79243e-005
-4.30743e-005 -4.30743e-005
-4.20789e-005 -4.20789e-005
-1.46012e-005 -1.46012e-005
-7.70593e-006 -7.70592e-006
-6.75482e-006 -6.75482e-006
-5.66104e-005 -5.66104e-005
-1.06343e-005 -1.06343e-005
-0.000125545 -0.000125545
-0.0013369 -0.0013369
-0.000505276 -0.000505276
-0.000797894 -0.000797894
-0.00210398 -0.00210398
-0.00347799 -0.00347799
-0.000685486 -0.000685486
-0.00044544 -0.00044544
-3.56512e-005 -3.56512e-005
-1.31743e-005 -1.31743e-005
-9.29602e-006 -9.29602e-006
-6.07999e-005 -6.07999e-005
-2.32071e-005 -2.32071e-005
-7.60886e-006 -7.60886e-006
-1.86989e-005 -1.86989e-005
-8.64828e-006 -8.64827e-006
-8.15132e-006 -8.15131e-006
-1.39718e-005 -1.39718e-005
-5.23193e-006 -5.23192e-006
-9.05008e-006 -9.05008e-006
-8.18104e-006 -8.18104e-006
-1.09403e-005 -1.09403e-005
-1.23642e-005 -1.23642e-005
-7.98772e-005 -7.98772e-005
-8.34473e-005 -8.34473e-005
-2.6196e-005 -2.6196e-005
-9.73692e-006 -9.73692e-006
-1.41952e-005 -1.41952e-005
-3.51035e-005 -3.51035e-005
-8.82443e-006 -8.82443e-006
-3.86665e-005 -3.86665e-005
-5.84186e-006 -5.84186e-006
-1.07762e-005 -1.07762e-005
-6.94277e-006 -6.94278e-006
-1.50305e-005 -1.50305e-005
-8.49469e-006 -8.49469e-006
-3.86382e-005 -3.86382e-005
-1.16648e-005 -1.16648e-005
-3.59554e-005 -3.59554e-005
-4.6013e-005 -4.6013e-005
-1.1516e-005 -1.1516e-005
-1.77008e-005 -1.77008e-005
-1.29271e-005 -1.29271e-005
-2.02358e-005 -2.02358e-005
-1.67483e-005 -1.67483e-005
-9.51134e-006 -9.51134e-006
-8.03283e-006 -8.03283e-006
-7.44898e-006 -7.44898e-006
-1.4727e-005 -1.4727e-005
-5.27906e-005 -5.27906e-005
-3.79891e-005 -3.79891e-005
-2.25755e-005 -2.25755e-005
-3.51198e-005 -3.51198e-005
-9.42293e-005 -9.42293e-005
-1.75756e-005 -1.75756e-005
-5.47898e-006 -5.47898e-006
-1.54377e-005 -1.54377e-005
-7.59512e-006 -7.59512e-006
-2.40917e-005 -2.40917e-005
-1.50312e-005 -1.50312e-005
-9.85735e-006 -9.85735e-006
-1.19401e-005 -1.19401e-005
-4.06938e-006 -4.06938e-006
-1.20105e-005 -1.20105e-005
-3.57451e-005 -3.57451e-005
-6.26143e-006 -6.26144e-006
-1.01156e-005 -1.01156e-005
-9.44916e-006 -9.44915e-006
-9.17221e-006 -9.17222e-006
-1.00245e-005 -1.00245e-005
-1.29734e-005 -1.29734e-005
-8.96185e-006 -8.96184e-006
-0.000273966 -0.000273966
-5.84723e-005 -5.84723e-005
-0.000359323 -0.000359323
-5.34994e-005 -5.34994e-005
-0.000107832 -0.000107832
-9.68082e-005 -9.68082e-005
-0.000116787 -0.000116787
-0.000899425 -0.000899425
-0.000607615 -0.000607615
-9.79785e-005 -9.79785e-005
-0.00347211 -0.00347211
-5.45137e-005 -5.45137e-005
-6.22326e-006 -6.22325e-006
-8.69441e-006 -8.69441e-006
-8.84027e-006 -8.84027e-006
-4.03408e-005 -4.03408e-005
-9.38572e-006 -9.38573e-006
-9.20475e-006 -9.20476e-006
-3.73638e-005 -3.73638e-005
-2.518e-005 -2.518e-005
-7.59454e-006 -7.59454e-006
-9.96832e-006 -9.96833e-006
-9.29152e-006 -9.29153e-006
-1.40763e-005 -1.40763e-005
-8.26933e-005 -8.26932e-005
-8.31359e-005 -8.31359e-005
-0.000492753 -0.000492753
-0.000353743 -0.000353743
-2.0605e-005 -2.0605e-005
-0.000493375 -0.000493375
-0.000139308 -0.000139308
-0.000137156 -0.000137156
-1.14118e-005 -1.14118e-005
-2.85279e-005 -2.85279e-005
-2.44787e-006 -2.44787e-006
-7.98551e-006 -7.98551e-006
-1.15777e-005 -1.15777e-005
-1.10005e-005 -1.10005e-005
-8.02769e-006 -8.02769e-006
-7.75586e-006 -7.75586e-006
-3.37621e-005 -3.37621e-005
-8.45444e-006 -8.45445e-006
-1.95194e-005 -1.95194e-005
-2.75058e-005 -2.75057e-005
-6.49536e-006 -6.49536e-006
-5.87808e-006 -5.87808e-006
-1.9681e-005 -1.9681e-005
-1.06219e-005 -1.06219e-005
-2.35364e-005 -2.35364e-005
-3.58503e-005 -3.58503e-005
-7.63844e-006 -7.63845e-006
-1.75384e-005 -1.75384e-005
-1.29451e-005 -1.29451e-005
-5.30045e-006 -5.30045e-006
-7.27755e-006 -7.27755e-006
-7.559e-006 -7.55901e-006
-8.21235e-006 -8.21235e-006
-7.85019e-006 -7.85019e-006
-1.11143e-005 -1.11143e-005
-1.48981e-005 -1.48981e-005
-1.25896e-005 -1.25896e-005
-1.43601e-005 -1.43601e-005
-9.5125e-006 -9.5125e-006
-1.0023e-005 -1.0023e-005
-7.04076e-006 -7.04077e-006
-2.27843e-005 -2.27843e-005
-2.67427e-006 -2.67427e-006
-1.38272e-005 -1.38272e-005
-4.89099e-006 -4.89099e-006
-1.54429e-005 -1.54429e-005
-8.58293e-006 -8.58293e-006
-0.000645532 -0.000645532
-5.48772e-005 -5.48772e-005
-2.13955e-005 -2.13955e-005
-5.18592e-005 -5.18592e-005
-1.79152e-005 -1.79152e-005
-2.90318e-006 -2.90318e-006
-1.45569e-005 -1.45569e-005
-1.58387e-005 -1.58387e-005
-1.65702e-005 -1.65702e-005
-6.07777e-006 -6.07777e-006
-8.2516e-006 -8.25159e-006
-6.62799e-006 -6.628e-006
-8.79117e-006 -8.79117e-006
-8.49845e-006 -8.49845e-006
-1.99588e-005 -1.99588e-005
-6.11048e-006 -6.11047e-006
-2.50994e-005 -2.50994e-005
-1.22747e-005 -1.22747e-005
-9.37669e-006 -9.37669e-006
-1.1677e-005 -1.1677e-005
-2.06993e-005 -2.06993e-005
-1.17289e-005 -1.17289e-005
-4.17809e-005 -4.17809e-005
-7.67925e-005 -7.67925e-005
-8.78844e-005 -8.78844e-005
-1.19987e-005 -1.19987e-005
-1.67445e-005 -1.67445e-005
-8.28851e-006 -8.28851e-006
-3.24128e-006 -3.24128e-006
-3.59335e-005 -3.59335e-005
-3.81987e-005 -3.81987e-005
-1.09354e-005 -1.09354e-005
-1.83039e-005 -1.83039e-005
-1.76516e-005 -1.76516e-005
-1.12322e-005 -1.12322e-005
-1.42746e-005 -1.42746e-005
-7.51171e-006 -7.51171e-006
-1.06682e-005 -1.06682e-005
-1.42895e-005 -1.42895e-005
-2.04097e-005 -2.04097e-005
-2.79471e-005 -2.79471e-005
-1.03018e-005 -1.03018e-005
-1.05337e-005 -1.05337e-005
-1.17249e-005 -1.17249e-005
-1.54001e-005 -1.54001e-005
-1.63963e-005 -1.63963e-005
-1.64177e-005 -1.64177e-005
-6.14748e-006 -6.14748e-006
-2.46543e-005 -2.46543e-005
-6.74987e-006 -6.74987e-006
-7.77812e-005 -7.77812e-005
-2.78689e-005 -2.78689e-005
-1.64058e-005 -1.64058e-005
-5.10581e-006 -5.10581e-006
-1.18085e-005 -1.18085e-005
-3.863e-005 -3.863e-005
-1.35274e-005 -1.35274e-005
-8.48612e-006 -8.48612e-006
-1.59007e-005 -1.59007e-005
-1.23e-005 -1.23e-005
-3.04123e-005 -3.04123e-005
-1.88591e-005 -1.88591e-005
-1.14689e-005 -1.14689e-005
-2.18201e-005 -2.18201e-005
-2.7863e-005 -2.7863e-005
-6.77469e-006 -6.77469e-006
-3.07485e-005 -3.07485e-005
-0.00016936 -0.00016936
-3.62885e-005 -3.62885e-005
-6.73482e-005 -6.73482e-005
-0.000202095 -0.000202095
-0.000747992 -0.000747992
-1.77333e-005 -1.77333e-005
-0.000153395 -0.000153395
-8.28494e-005 -8.28494e-005
-1.09692e-005 -1.09691e-005
-1.82361e-005 -1.82361e-005
-1.77385e-005 -1.77385e-005
-3.14888e-006 -3.14888e-006
-5.52018e-006 -5.52018e-006
-1.56442e-005 -1.56442e-005
-1.09384e-005 -1.09384e-005
-8.36978e-006 -8.36978e-006
-2.72339e-005 -2.72339e-005
-7.38047e-006 -7.38048e-006
-8.05175e-006 -8.05175e-006
-9.71847e-006 -9.71846e-006
-8.18948e-006 -8.18948e-006
-8.29122e-006 -8.29123e-006
-1.41465e-005 -1.41465e-005
-6.31651e-006 -6.31651e-006
-1.12619e-005 -1.12619e-005
-2.05863e-005 -2.05863e-005
-4.29229e-006 -4.29229e-006
-1.17146e-005 -1.17146e-005
-5.00666e-006 -5.00666e-006
-4.53358e-006 -4.53358e-006
-1.46356e-005 -1.46356e-005
-8.3679e-005 -8.3679e-005
-0.000182597 -0.000182597
-2.07747e-005 -2.07747e-005
-8.92581e-005 -8.92581e-005
-0.000143779 -0.000143779
-1.11625e-005 -1.11625e-005
-8.65236e-006 -8.65236e-006
-8.90272e-006 -8.90273e-006
-1.21615e-005 -1.21615e-005
-1.80783e-005 -1.80783e-005
-1.31536e-005 -1.31536e-005
-4.60786e-005 -4.60786e-005
-5.98273e-005 -5.98273e-005
-1.15505e-005 -1.15505e-005
-1.68991e-005 -1.68991e-005
-2.47478e-005 -2.47478e-005
-9.03261e-006 -9.03261e-006
-6.33949e-005 -6.33949e-005
-9.57044e-006 -9.57044e-006
-1.6168e-005 -1.6168e-005
-8.29306e-006 -8.29306e-006
-8.96474e-006 -8.96473e-006
-4.47199e-005 -4.47199e-005
-0.000131819 -0.000131819
-3.11596e-005 -3.11596e-005
-1.04412e-005 -1.04412e-005
-3.51604e-005 -3.51604e-005
-2.79076e-005 -2.79076e-005
-4.57299e-006 -4.57298e-006
-2.42975e-005 -2.42975e-005
-1.05388e-005 -1.05388e-005
-2.08e-005 -2.08e-005
-8.55424e-006 -8.55424e-006
-3.8716e-005 -3.8716e-005
-7.02453e-006 -7.02453e-006
-1.26666e-005 -1.26666e-005
-3.63575e-005 -3.63575e-005
-2.03829e-005 -2.03829e-005
-1.34253e-005 -1.34253e-005
-1.27761e-005 -1.27761e-005
-2.19895e-005 -2.19895e-005
-1.34649e-005 -1.34649e-005
-9.82971e-006 -9.82972e-006
-4.77036e-005 -4.77036e-005
-2.98442e-006 -2.98442e-006
-1.18244e-005 -1.18244e-005
-1.17057e-005 -1.17057e-005
-5.73874e-006 -5.73873e-006
-2.09237e-005 -2.09237e-005
-5.86348e-005 -5.86348e-005
-2.68473e-005 -2.68473e-005
-9.50481e-006 -9.50481e-006
-1.327e-005 -1.327e-005
-1.73299e-005 -1.73299e-005
-1.05241e-005 -1.05241e-005
-1.92172e-005 -1.92172e-005
-1.27926e-005 -1.27926e-005
-9.6246e-006 -9.62459e-006
-6.9469e-006 -6.94691e-006
-6.65686e-006 -6.65686e-006
-7.6728e-006 -7.6728e-006
-1.83552e-005 -1.83552e-005
-1.93813e-005 -1.93813e-005
-3.65421e-006 -3.65422e-006
-1.71499e-005 -1.71499e-005
-5.03093e-006 -5.03094e-006
-3.42291e-005 -3.42291e-005
-1.3796e-005 -1.3796e-005
-1.09613e-005 -1.09613e-005
-1.69591e-005 -1.69591e-005
-4.99898e-006 -4.99899e-006
-0.000504619 -0.000504619
-0.000276135 -0.000276135
-0.000116993 -0.000116993
-1.6931e-005 -1.6931e-005
-2.36096e-005 -2.36096e-005
-3.84812e-005 -3.84812e-005
-5.7087e-006 -5.7087e-006
-1.89399e-005 -1.89399e-005
-9.7433e-006 -9.74329e-006
-3.49386e-005 -3.49386e-005
-8.81948e-006 -8.81949e-006
-1.73782e-005 -1.73782e-005
-2.10636e-005 -2.10636e-005
-2.43184e-005 -2.43184e-005
-8.33955e-006 -8.33955e-006
-1.08126e-005 -1.08126e-005
-1.63702e-005 -1.63702e-005
-2.33431e-005 -2.33431e-005
-5.63617e-006 -5.63617e-006
-8.16962e-006 -8.16962e-006
-2.526e-005 -2.526e-005
-1.60867e-005 -1.60867e-005
-9.86778e-006 -9.86777e-006
-6.06449e-005 -6.06449e-005
-2.54154e-005 -2.54154e-005
-1.68081e-005 -1.68081e-005
-9.93133e-006 -9.93133e-006
-4.37184e-006 -4.37184e-006
-1.75357e-005 -1.75357e-005
-2.83973e-005 -2.83973e-005
-6.72522e-005 -6.72522e-005
-1.05999e-005 -1.05999e-005
-4.56189e-006 -4.5619e-006
-2.96457e-006 -2.96457e-006
-2.61356e-005 -2.61356e-005
-6.66366e-006 -6.66366e-006
-1.51516e-005 -1.51516e-005
-7.11042e-006 -7.11042e-006
-9.24132e-006 -9.24133e-006
-2.31222e-005 -2.31222e-005
-1.4872e-005 -1.4872e-005
-7.27735e-006 -7.27735e-006
-7.90952e-006 -7.90952e-006
-2.76071e-005 -2.76071e-005
-6.42679e-005 -6.4268e-005
-2.28937e-005 -2.28937e-005
-4.00731e-005 -4.00731e-005
-6.00671e-005 -6.00671e-005
-1.93057e-005 -1.93057e-005
-1.39359e-005 -1.39359e-005
-8.12449e-006 -8.12449e-006
-2.31196e-005 -2.31196e-005
-2.06804e-005 -2.06804e-005
-1.59184e-005 -1.59184e-005
-5.88919e-006 -5.88919e-006
-2.81221e-005 -2.81221e-005
-1.79713e-005 -1.79713e-005
-3.41028e-005 -3.41028e-005
-1.12733e-005 -1.12733e-005
-1.21646e-005 -1.21646e-005
-1.88598e-005 -1.88598e-005
-1.09228e-005 -1.09228e-005
-9.59239e-006 -9.59239e-006
-1.81618e-005 -1.81618e-005
-2.24766e-005 -2.24766e-005
-1.7392e-005 -1.7392e-005
-7.08929e-006 -7.08928e-006
-8.38858e-006 -8.38858e-006
-1.26669e-005 -1.26669e-005
-8.43376e-006 -8.43377e-006
-1.48378e-005 -1.48378e-005
-2.30806e-005 -2.30806e-005
-1.31336e-005 -1.31336e-005
-1.05292e-005 -1.05292e-005
-1.10736e-005 -1.10736e-005
-2.5285e-005 -2.5285e-005
-1.12515e-005 -1.12515e-005
-9.42241e-006 -9.42241e-006
-1.51102e-005 -1.51102e-005
-1.56252e-005 -1.56252e-005
-2.16803e-005 -2.16803e-005
-1.9306e-005 -1.9306e-005
-1.1814e-005 -1.1814e-005
-7.91105e-006 -7.91105e-006
-4.61093e-005 -4.61093e-005
-2.69683e-005 -2.69683e-005
-2.39148e-005 -2.39148e-005
-1.799e-005 -1.799e-005
-1.17689e-005 -1.17689e-005
-1.21731e-005 -1.21731e-005
-1.8358e-005 -1.8358e-005
-3.68754e-005 -3.68754e-005
-6.47783e-006 -6.47783e-006
-4.4193e-005 -4.4193e-005
-1.94301e-005 -1.94301e-005
-8.5503e-006 -8.55031e-006
-6.72212e-006 -6.72213e-006
-5.47888e-005 -5.47888e-005
-1.5171e-005 -1.5171e-005
-1.42796e-005 -1.42796e-005
-1.78091e-005 -1.78091e-005
-1.52114e-005 -1.52114e-005
-4.8512e-005 -4.8512e-005
-1.14526e-005 -1.14526e-005
-2.70579e-005 -2.70579e-005
-1.15795e-005 -1.15795e-005
-5.99063e-006 -5.99064e-006
-2.40804e-005 -2.40804e-005
-2.64398e-005 -2.64398e-005
-1.30465e-005 -1.30465e-005
-1.63022e-005 -1.63022e-005
-1.9408e-005 -1.9408e-005
-6.84202e-006 -6.84202e-006
-4.49998e-005 -4.49998e-005
-1.58535e-005 -1.58535e-005
-5.49395e-006 -5.49396e-006
-1.01533e-005 -1.01533e-005
-1.19046e-005 -1.19046e-005
-9.11501e-006 -9.11501e-006
-5.06662e-006 -5.06662e-006
-1.25518e-005 -1.25518e-005
-1.23601e-005 -1.23601e-005
-1.73169e-005 -1.73169e-005
-7.58974e-006 -7.58974e-006
-3.18708e-005 -3.18708e-005
-6.66451e-006 -6.6645e-006
-4.68059e-006 -4.68058e-006
-9.29826e-006 -9.29826e-006
-3.06839e-005 -3.06839e-005
-1.16889e-005 -1.16889e-005
-2.06279e-005 -2.06279e-005
-5.68405e-006 -5.68405e-006
-1.00433e-005 -1.00433e-005
-6.40224e-006 -6.40224e-006
-1.07263e-005 -1.07263e-005
-9.04241e-006 -9.04241e-006
-9.24454e-006 -9.24453e-006
-3.84759e-005 -3.84759e-005
-3.85631e-005 -3.85631e-005
-5.51412e-005 -5.51412e-005
-3.95496e-005 -3.95496e-005
-1.07761e-005 -1.07761e-005
-3.05413e-005 -3.05413e-005
-1.8409e-005 -1.8409e-005
-2.76605e-005 -2.76605e-005
-1.05441e-005 -1.05441e-005
-1.42649e-005 -1.42649e-005
-1.82594e-005 -1.82594e-005
-7.47042e-006 -7.47042e-006
-1.31319e-005 -1.31319e-005
-6.75496e-006 -6.75496e-006
-1.04081e-005 -1.04081e-005
-4.70737e-005 -4.70737e-005
-1.27886e-005 -1.27886e-005
-2.21412e-005 -2.21412e-005
-1.67556e-005 -1.67556e-005
-6.15317e-006 -6.15317e-006
-8.81125e-006 -8.81125e-006
-1.09802e-005 -1.09802e-005
-1.07715e-005 -1.07714e-005
-8.04438e-006 -8.04437e-006
-1.80225e-005 -1.80225e-005
-6.11956e-006 -6.11956e-006
-3.8309e-005 -3.8309e-005
-2.50812e-005 -2.50812e-005
-3.16317e-005 -3.16317e-005
-4.65381e-005 -4.65381e-005
-1.56781e-005 -1.56781e-005
-0.000116782 -0.000116782
-2.74485e-005 -2.74485e-005
-1.49659e-005 -1.49659e-005
-1.47848e-005 -1.47848e-005
-9.53885e-006 -9.53884e-006
-2.43718e-005 -2.43718e-005
-2.37098e-005 -2.37098e-005
-6.50578e-006 -6.50577e-006
-1.57535e-005 -1.57535e-005
-3.11326e-005 -3.11326e-005
-9.60985e-006 -9.60985e-006
-1.02592e-005 -1.02592e-005
-7.78306e-006 -7.78305e-006
-5.26913e-006 -5.26913e-006
-6.6134e-006 -6.61339e-006
-2.16764e-005 -2.16764e-005
-5.17892e-006 -5.17892e-006
-1.28674e-005 -1.28674e-005
-2.93678e-005 -2.93678e-005
-1.96079e-005 -1.96079e-005
-1.48062e-005 -1.48062e-005
-6.9098e-007 -6.90976e-007
-6.71504e-006 -6.71504e-006
-2.25502e-005 -2.25502e-005
-6.74889e-007 -6.74891e-007
-0.000229821 -0.000229821
-7.09978e-005 -7.09978e-005
-1.43014e-005 -1.43014e-005
-1.2221e-005 -1.2221e-005
-1.16351e-005 -1.16351e-005
-9.66197e-006 -9.66197e-006
-9.82544e-006 -9.82544e-006
-1.05828e-005 -1.05828e-005
-6.37117e-006 -6.37117e-006
-1.51864e-005 -1.51864e-005
-7.43045e-006 -7.43045e-006
-1.69434e-005 -1.69434e-005
-1.43541e-005 -1.43541e-005
-3.05304e-005 -3.05304e-005
-1.42651e-005 -1.42651e-005
-2.04699e-005 -2.04699e-005
-2.20618e-005 -2.20618e-005
-2.97662e-006 -2.97661e-006
-2.11019e-005 -2.11019e-005
-2.94689e-006 -2.94688e-006
-1.99976e-005 -1.99976e-005
-5.72391e-006 -5.72391e-006
-2.82245e-005 -2.82245e-005
-2.30764e-005 -2.30764e-005
-1.16487e-005 -1.16487e-005
-2.18747e-005 -2.18747e-005
-1.49357e-005 -1.49357e-005
-2.28117e-005 -2.28118e-005
-7.02537e-006 -7.02537e-006
-4.60372e-006 -4.60372e-006
-2.03702e-005 -2.03702e-005
-1.44302e-005 -1.44302e-005
-1.15074e-005 -1.15074e-005
-1.99901e-005 -1.99901e-005
-2.17367e-005 -2.17367e-005
-2.18875e-005 -2.18875e-005
-1.31283e-005 -1.31283e-005
-1.17797e-005 -1.17797e-005
-4.95353e-006 -4.95353e-006
-1.52084e-005 -1.52084e-005
-1.0366e-005 -1.0366e-005
-1.60134e-005 -1.60134e-005
-4.03246e-006 -4.03246e-006
-1.36095e-005 -1.36095e-005
-7.58155e-006 -7.58155e-006
-1.3961e-005 -1.3961e-005
-1.25829e-005 -1.25829e-005
-1.60517e-005 -1.60517e-005
-2.26795e-005 -2.26795e-005
-1.33765e-005 -1.33765e-005
-6.42479e-006 -6.42479e-006
-5.28988e-006 -5.28988e-006
-1.60953e-005 -1.60953e-005
-4.41071e-006 -4.41071e-006
-6.34064e-006 -6.34064e-006
-1.45371e-005 -1.45371e-005
-1.08865e-005 -1.08865e-005
-1.80541e-005 -1.80541e-005
-1.39903e-005 -1.39903e-005
-4.35356e-006 -4.35356e-006
-1.79848e-005 -1.79848e-005
-6.43174e-006 -6.43174e-006
-1.80072e-005 -1.80072e-005
-7.7448e-006 -7.7448e-006
-4.83461e-006 -4.83461e-006
-1.11038e-005 -1.11038e-005
-1.43749e-005 -1.43749e-005
-1.33535e-005 -1.33535e-005
-2.24384e-005 -2.24384e-005
-1.37197e-005 -1.37197e-005
-3.36571e-005 -3.36571e-005
-1.15964e-005 -1.15964e-005
-1.44347e-005 -1.44347e-005
-8.52914e-006 -8.52914e-006
-1.04233e-005 -1.04233e-005
-1.71461e-005 -1.71461e-005
-1.27599e-005 -1.27599e-005
-2.54808e-005 -2.54808e-005
-6.7879e-006 -6.7879e-006
-9.84901e-006 -9.84901e-006
-1.35427e-005 -1.35427e-005
-2.86604e-005 -2.86604e-005
-2.99989e-005 -2.99989e-005
-1.38064e-005 -1.38064e-005
-2.38018e-005 -2.38018e-005
-1.21062e-005 -1.21062e-005
-4.28044e-006 -4.28044e-006
-6.94859e-006 -6.94859e-006
-2.73269e-006 -2.73269e-006
-1.20912e-005 -1.20912e-005
-8.26352e-006 -8.26351e-006
-1.91807e-005 -1.91807e-005
-1.89829e-005 -1.89829e-005
-1.46785e-005 -1.46785e-005
-7.05889e-006 -7.05889e-006
-2.6012e-005 -2.6012e-005
-3.92438e-005 -3.92438e-005
-8.73303e-006 -8.73302e-006
-1.08604e-005 -1.08604e-005
-3.75396e-005 -3.75396e-005
-3.82663e-006 -3.82663e-006
-2.00918e-005 -2.00918e-005
-2.42936e-005 -2.42936e-005
-1.07366e-005 -1.07365e-005
-4.64338e-006 -4.64338e-006
-1.93147e-005 -1.93147e-005
-1.8626e-005 -1.8626e-005
-9.02864e-006 -9.02864e-006
-2.01532e-005 -2.01532e-005
-1.22583e-005 -1.22583e-005
-1.04056e-005 -1.04056e-005
-6.70486e-006 -6.70486e-006
-1.19969e-005 -1.19969e-005
-3.6844e-005 -3.6844e-005
-1.86546e-005 -1.86546e-005
-6.46501e-006 -6.46501e-006
-2.44063e-005 -2.44063e-005
-1.95312e-005 -1.95312e-005
-1.34213e-005 -1.34213e-005
-2.11602e-005 -2.11602e-005
-7.65242e-006 -7.65242e-006
-1.16252e-005 -1.16252e-005
-1.24074e-005 -1.24074e-005
-1.49174e-005 -1.49174e-005
-2.78426e-006 -2.78426e-006
-7.48836e-006 -7.48837e-006
-7.00349e-006 -7.00349e-006
-3.24388e-005 -3.24388e-005
-7.83868e-006 -7.83867e-006
-1.34448e-005 -1.34448e-005
-4.67099e-006 -4.67098e-006
-2.13145e-005 -2.13145e-005
-1.66622e-005 -1.66622e-005
-1.43141e-005 -1.43141e-005
-2.34677e-005 -2.34677e-005
-2.51009e-005 -2.51009e-005
-1.99577e-005 -1.99577e-005
-2.36872e-005 -2.36872e-005
-8.59001e-006 -8.59001e-006
-1.37379e-005 -1.37379e-005
-2.96334e-005 -2.96334e-005
-1.13173e-005 -1.13173e-005
-1.042e-005 -1.042e-005
-5.99718e-006 -5.99718e-006
-6.84254e-005 -6.84254e-005
-3.68047e-006 -3.68047e-006
-1.72879e-005 -1.72879e-005
-1.57785e-005 -1.57785e-005
-5.91048e-006 -5.91048e-006
-3.05271e-005 -3.05271e-005
-7.17499e-006 -7.175e-006
-2.81528e-005 -2.81528e-005
-2.02763e-005 -2.02763e-005
-1.94495e-005 -1.94495e-005
-1.24857e-005 -1.24857e-005
-3.65037e-005 -3.65037e-005
-2.60953e-006 -2.60953e-006
-6.8335e-006 -6.83349e-006
-3.07434e-005 -3.07434e-005
-1.03144e-005 -1.03144e-005
-6.32673e-006 -6.32673e-006
-1.54094e-005 -1.54094e-005
-8.99148e-006 -8.99148e-006
-1.47252e-005 -1.47252e-005
-5.80015e-006 -5.80015e-006
-2.47699e-005 -2.47699e-005
-1.57799e-005 -1.57798e-005
-1.40034e-005 -1.40034e-005
-2.50671e-005 -2.50671e-005
-2.79203e-005 -2.79203e-005
-7.0124e-006 -7.0124e-006
-9.17186e-006 -9.17186e-006
-1.50418e-005 -1.50418e-005
-7.75577e-006 -7.75577e-006
-1.79485e-005 -1.79485e-005
-1.27082e-005 -1.27082e-005
-5.4687e-006 -5.4687e-006
-3.34505e-005 -3.34505e-005
-1.45899e-005 -1.45899e-005
-5.91397e-006 -5.91397e-006
-1.53129e-005 -1.53129e-005
-1.56821e-005 -1.56821e-005
-6.0539e-006 -6.0539e-006
-2.2124e-005 -2.2124e-005
-1.34355e-005 -1.34355e-005
-2.7673e-005 -2.7673e-005
-7.70747e-006 -7.70747e-006
-1.64065e-005 -1.64065e-005
-5.41483e-006 -5.41482e-006
-3.04466e-005 -3.04466e-005
-8.05501e-006 -8.05501e-006
-1.42758e-005 -1.42758e-005
-6.41096e-006 -6.41096e-006
-3.02316e-005 -3.02316e-005
-1.19207e-005 -1.19207e-005
-3.94713e-005 -3.94713e-005
-3.11782e-005 -3.11782e-005
-2.35398e-005 -2.35398e-005
-1.03293e-005 -1.03293e-005
-3.51875e-005 -3.51875e-005
-2.47069e-005 -2.47069e-005
-1.2874e-005 -1.2874e-005
-1.40233e-005 -1.40233e-005
