-3.82133e-010 -3.90799e-010
-6.27636e-011 -7.10543e-011
-1.02162e-009 -1.01252e-009
-3.42963e-010 -3.37508e-010
-6.01253e-010 -6.03961e-010
-6.39308e-010 -6.39488e-010
-1.06463e-010 -1.06581e-010
-3.62448e-010 -3.55271e-010
-5.35821e-010 -5.32907e-010
-3.45003e-010 -3.37508e-010
-3.18373e-010 -3.19744e-010
-1.07243e-009 -1.06581e-009
1 1
-1.7212e-010 -1.77636e-010
-3.39582e-009 -3.39284e-009
-4.83235e-010 -4.79616e-010
-8.87726e-010 -8.88178e-010
-4.06709e-010 -4.08562e-010
-3.39547e-010 -3.37508e-010
-1.01788e-009 -1.01252e-009
-4.24693e-010 -4.26326e-010
-9.61515e-010 -9.59233e-010
-8.81304e-010 -8.88178e-010
-1.56917e-010 -1.59872e-010
-2.65318e-010 -2.66454e-010
-2.58694e-010 -2.66454e-010
-3.15378e-010 -3.19744e-010
-4.29109e-010 -4.26326e-010
-5.03881e-010 -4.9738e-010
-1.97445e-010 -1.95399e-010
-8.8361e-010 -8.88178e-010
-4.36089e-010 -4.44089e-010
-2.64028e-010 -2.66454e-010
-4.66555e-010 -4.61853e-010
-1.51504e-014 0
-0.999999 -0.999999
-8.82797e-010 -8.88178e-010
-5.47739e-010 -5.50671e-010
-4.7326e-010 -4.79616e-010
-2.75195e-010 -2.66454e-010
-1.59588e-010 -1.59872e-010
-4.21847e-010 -4.26326e-010
-1.75729e-010 -1.77636e-010
-3.27999e-010 -3.19744e-010
-6.73738e-010 -6.75016e-010
-2.36057e-010 -2.30926e-010
-4.07538e-010 -4.08562e-010
-5.20015e-010 -5.15143e-010
-9.59817e-010 -9.59233e-010
-1.97681e-010 -1.95399e-010
-5.11626e-010 -5.15143e-010
-8.25089e-010 -8.17124e-010
-2.54866e-010 -2.4869e-010
-4.3155e-010 -4.26326e-010
-6.73352e-011 -7.10543e-011
-2.11589e-010 -2.13163e-010
-4.02609e-010 -4.08562e-010
-6.06281e-010 -6.03961e-010
-4.61775e-010 -4.61853e-010
-4.54102e-013 0
-1.12225e-011 -1.77636e-011
-9.05489e-011 -8.88178e-011
-3.43696e-010 -3.37508e-010
-1.19488e-009 -1.19016e-009
-2.36298e-010 -2.30926e-010
-4.82548e-010 -4.79616e-010
-3.39849e-010 -3.37508e-010
-1.68124e-010 -1.77636e-010
-2.76811e-010 -2.84217e-010
-3.27077e-010 -3.19744e-010
-2.74407e-010 -2.66454e-010
-7.73558e-010 -7.81597e-010
-2.27121e-010 -2.30926e-010
-3.4685e-010 -3.55271e-010
-4.06625e-010 -4.08562e-010
-8.51591e-010 -8.52651e-010
-3.90155e-010 -3.90799e-010
-4.09875e-010 -4.08562e-010
-6.0232e-010 -6.03961e-010
-4.53157e-010 -4.44089e-010
-1.91682e-010 -1.95399e-010
-1.37088e-009 -1.36779e-009
-5.86797e-010 -5.86198e-010
-4.16717e-009 -4.17444e-009
-2.29624e-009 -2.2915e-009
-6.58481e-010 -6.57252e-010
-4.52886e-010 -4.44089e-010
-2.51803e-010 -2.4869e-010
-4.1597e-010 -4.26326e-010
-2.43685e-010 -2.4869e-010
-4.85132e-010 -4.79616e-010
-5.90022e-010 -5.86198e-010
-4.92152e-010 -4.9738e-010
-3.81788e-010 -3.90799e-010
-5.42457e-010 -5.50671e-010
-5.64491e-010 -5.68434e-010
-3.09703e-010 -3.01981e-010
-3.69485e-010 -3.73035e-010
-5.59371e-010 -5.50671e-010
-1.26916e-010 -1.24345e-010
-2.65968e-010 -2.66454e-010
-2.72981e-010 -2.66454e-010
-9.82175e-010 -9.76996e-010
-5.06457e-010 -4.9738e-010
-1.68155e-009 -1.68754e-009
-4.90748e-010 -4.9738e-010
-7.30686e-009 -7.30083e-009
-3.8834e-011 -3.55271e-011
-5.70146e-010 -5.68434e-010
-1.80714e-008 -1.80655e-008
-3.03225e-010 -3.01981e-010
-9.45358e-010 -9.41469e-010
-6.5863e-010 -6.57252e-010
-2.53368e-009 -2.54019e-009
-4.78815e-010 -4.79616e-010
-2.7688e-010 -2.84217e-010
-3.22499e-010 -3.19744e-010
-4.42046e-010 -4.44089e-010
-5.19894e-010 -5.15143e-010
-3.53617e-010 -3.55271e-010
-2.08598e-010 -2.13163e-010
-1.7517e-010 -1.77636e-010
-5.49672e-010 -5.50671e-010
-2.83102e-010 -2.84217e-010
-5.74495e-010 -5.68434e-010
-2.30441e-010 -2.30926e-010
-5.67277e-010 -5.68434e-010
-1.15077e-009 -1.15463e-009
-4.42303e-010 -4.44089e-010
-3.29273e-010 -3.37508e-010
-3.88571e-010 -3.90799e-010
-3.48536e-010 -3.55271e-010
-3.48986e-010 -3.55271e-010
-3.0425e-010 -3.01981e-010
-2.13359e-010 -2.13163e-010
-5.16098e-010 -5.15143e-010
-3.00987e-010 -3.01981e-010
-3.67404e-010 -3.73035e-010
-2.36025e-010 -2.30926e-010
-1.65031e-010 -1.59872e-010
-9.11524e-010 -9.05942e-010
-3.97313e-010 -3.90799e-010
-3.74513e-010 -3.73035e-010
-4.33209e-010 -4.26326e-010
-1.82975e-010 -1.77636e-010
-4.16663e-010 -4.26326e-010
-2.0506e-010 -2.13163e-010
-4.03366e-010 -4.08562e-010
-6.51991e-010 -6.57252e-010
-6.68034e-010 -6.75016e-010
-8.33774e-010 -8.34888e-010
-2.4095e-010 -2.4869e-010
-8.01097e-010 -7.99361e-010
-4.54379e-010 -4.61853e-010
-3.44703e-010 -3.37508e-010
-5.92917e-010 -5.86198e-010
-9.96529e-010 -9.9476e-010
-2.75346e-010 -2.66454e-010
-5.36088e-010 -5.32907e-010
-3.47558e-010 -3.55271e-010
-5.28163e-010 -5.32907e-010
-2.83844e-010 -2.84217e-010
-3.67667e-010 -3.73035e-010
-4.08802e-010 -4.08562e-010
-4.98277e-010 -4.9738e-010
-2.04634e-010 -2.13163e-010
-5.78812e-010 -5.86198e-010
-2.35035e-010 -2.30926e-010
-6.06757e-010 -6.03961e-010
-4.06627e-010 -4.08562e-010
-2.02975e-010 -2.13163e-010
-3.04417e-010 -3.01981e-010
-1.8016e-010 -1.77636e-010
-3.58161e-010 -3.55271e-010
-4.99965e-010 -4.9738e-010
-3.79494e-010 -3.73035e-010
-6.13513e-010 -6.21725e-010
-3.50215e-010 -3.55271e-010
-1.56351e-010 -1.59872e-010
-4.02976e-010 -4.08562e-010
-1.47959e-008 -1.47971e-008
-3.66512e-010 -3.73035e-010
-3.86494e-010 -3.90799e-010
-1.44796e-010 -1.42109e-010
-2.47034e-010 -2.4869e-010
-6.59463e-010 -6.57252e-010
-7.54042e-010 -7.4607e-010
-5.17e-010 -5.15143e-010
-4.30421e-010 -4.26326e-010
-3.47188e-010 -3.55271e-010
-2.91957e-010 -2.84217e-010
-3.95069e-010 -3.90799e-010
-5.64072e-010 -5.68434e-010
-1.01617e-009 -1.01252e-009
-3.9364e-010 -3.90799e-010
-3.93859e-010 -3.90799e-010
-3.48193e-010 -3.55271e-010
-5.75311e-010 -5.68434e-010
-6.05748e-010 -6.03961e-010
-2.29481e-010 -2.30926e-010
-8.68471e-010 -8.70415e-010
-7.24512e-010 -7.28306e-010
-3.03725e-010 -3.01981e-010
-6.5541e-010 -6.57252e-010
-4.2537e-010 -4.26326e-010
-2.87039e-010 -2.84217e-010
-8.5525e-010 -8.52651e-010
-4.47642e-010 -4.44089e-010
-3.25218e-010 -3.19744e-010
-3.11958e-010 -3.19744e-010
-3.32308e-010 -3.37508e-010
-4.54246e-010 -4.61853e-010
-2.94718e-010 -3.01981e-010
-3.97328e-010 -3.90799e-010
-3.41912e-010 -3.37508e-010
-4.01062e-010 -4.08562e-010
-6.97158e-010 -6.92779e-010
-6.019e-010 -6.03961e-010
-4.63171e-010 -4.61853e-010
-6.29175e-010 -6.21725e-010
-2.49214e-010 -2.4869e-010
-2.51785e-010 -2.4869e-010
-8.04204e-010 -7.99361e-010
-3.43556e-010 -3.37508e-010
-4.11373e-010 -4.08562e-010
-7.257e-010 -7.28306e-010
-9.69913e-011 -1.06581e-010
-3.66849e-010 -3.73035e-010
-2.07122e-011 -1.77636e-011
-1.07355e-009 -1.06581e-009
-5.19031e-010 -5.15143e-010
-2.54947e-010 -2.4869e-010
-3.00487e-010 -3.01981e-010
-3.57203e-010 -3.55271e-010
-2.76207e-010 -2.66454e-010
-4.52875e-010 -4.44089e-010
-4.70426e-010 -4.61853e-010
-3.63309e-010 -3.55271e-010
-7.26111e-010 -7.28306e-010
-2.60412e-010 -2.66454e-010
-4.77136e-010 -4.79616e-010
-2.18364e-010 -2.13163e-010
-2.23554e-010 -2.30926e-010
-6.09359e-010 -6.03961e-010
-6.36887e-010 -6.39488e-010
-1.8815e-010 -1.95399e-010
-7.92574e-010 -7.99361e-010
-3.85103e-010 -3.90799e-010
-6.13235e-010 -6.21725e-010
-7.48001e-010 -7.4607e-010
-4.21043e-010 -4.26326e-010
-1.32462e-009 -1.33227e-009
-7.88844e-010 -7.81597e-010
-3.49836e-010 -3.55271e-010
-1.02104e-009 -1.03029e-009
-3.43604e-010 -3.37508e-010
-3.04109e-010 -3.01981e-010
-2.88094e-010 -2.84217e-010
-7.0491e-010 -7.10543e-010
-3.9065e-010 -3.90799e-010
-4.10094e-010 -4.08562e-010
-2.36099e-010 -2.30926e-010
-3.39022e-010 -3.37508e-010
-4.14545e-010 -4.08562e-010
-2.97952e-010 -3.01981e-010
-3.27042e-010 -3.19744e-010
-7.55996e-010 -7.4607e-010
-2.09182e-010 -2.13163e-010
-2.33719e-010 -2.30926e-010
-3.22034e-010 -3.19744e-010
-2.30433e-010 -2.30926e-010
-3.42642e-010 -3.37508e-010
-1.83152e-010 -1.77636e-010
-9.26863e-010 -9.23706e-010
-3.99388e-010 -3.90799e-010
-2.08287e-010 -2.13163e-010
-2.28405e-010 -2.30926e-010
-3.5549e-010 -3.55271e-010
-2.92013e-010 -2.84217e-010
-9.62989e-010 -9.59233e-010
-7.78551e-010 -7.81597e-010
-9.74585e-010 -9.76996e-010
-4.77749e-010 -4.79616e-010
-4.17451e-010 -4.26326e-010
-1.87472e-010 -1.95399e-010
-3.05571e-010 -3.01981e-010
-7.56887e-011 -7.10543e-011
-3.00589e-010 -3.01981e-010
-4.83949e-010 -4.79616e-010
-7.33166e-010 -7.28306e-010
-4.8066e-010 -4.79616e-010
-5.96215e-010 -6.03961e-010
-4.43201e-010 -4.44089e-010
-3.57461e-011 -3.55271e-011
-1.51082e-010 -1.42109e-010
-4.77134e-010 -4.79616e-010
-1.08835e-009 -1.08358e-009
-1.58687e-009 -1.58096e-009
-6.05739e-010 -6.03961e-010
-6.68885e-010 -6.75016e-010
-3.46603e-009 -3.4639e-009
-2.43143e-010 -2.4869e-010
-2.50163e-010 -2.4869e-010
-3.07297e-010 -3.01981e-010
-8.98757e-010 -9.05942e-010
-1.96645e-009 -1.97176e-009
-6.29683e-010 -6.21725e-010
-4.44686e-010 -4.44089e-010
-7.07858e-010 -7.10543e-010
-9.33669e-010 -9.41469e-010
-3.08014e-010 -3.01981e-010
-3.63612e-010 -3.73035e-010
-5.39043e-010 -5.32907e-010
-2.36815e-010 -2.30926e-010
-6.85331e-010 -6.92779e-010
-3.19091e-010 -3.19744e-010
-5.81791e-010 -5.86198e-010
-2.35231e-010 -2.30926e-010
-3.82036e-010 -3.90799e-010
-2.95548e-010 -3.01981e-010
-4.89914e-010 -4.9738e-010
-7.87109e-010 -7.81597e-010
-6.51447e-010 -6.57252e-010
-4.42089e-010 -4.44089e-010
-3.32049e-009 -3.32179e-009
-4.46205e-011 -3.55271e-011
-8.5722e-010 -8.52651e-010
-5.81834e-010 -5.86198e-010
-4.13588e-010 -4.08562e-010
-2.87441e-010 -2.84217e-010
-1.12595e-009 -1.1191e-009
-8.82217e-010 -8.88178e-010
-4.34485e-010 -4.26326e-010
-3.877e-010 -3.90799e-010
-2.97749e-010 -3.01981e-010
-2.8137e-010 -2.84217e-010
-2.89449e-010 -2.84217e-010
-8.95901e-010 -9.05942e-010
-4.96487e-010 -4.9738e-010
-3.19353e-010 -3.19744e-010
-3.35209e-010 -3.37508e-010
-1.30033e-009 -1.29674e-009
-1.22029e-010 -1.24345e-010
-6.89774e-010 -6.92779e-010
-9.73796e-010 -9.76996e-010
-2.39859e-010 -2.4869e-010
-9.35206e-010 -9.41469e-010
-3.76006e-010 -3.73035e-010
-2.28217e-010 -2.30926e-010
-5.98591e-010 -6.03961e-010
-1.76332e-010 -1.77636e-010
-2.48661e-010 -2.4869e-010
-4.01186e-010 -4.08562e-010
-2.89881e-010 -2.84217e-010
-2.81673e-010 -2.84217e-010
-5.82895e-010 -5.86198e-010
-2.73785e-010 -2.66454e-010
-3.89695e-010 -3.90799e-010
-2.92653e-010 -2.84217e-010
-2.31033e-010 -2.30926e-010
-3.88652e-010 -3.90799e-010
-4.35191e-010 -4.26326e-010
-5.50785e-010 -5.50671e-010
-4.93758e-010 -4.9738e-010
-3.51411e-010 -3.55271e-010
-5.85006e-010 -5.86198e-010
-4.78419e-010 -4.79616e-010
-1.50358e-010 -1.42109e-010
-5.47414e-010 -5.50671e-010
-3.60245e-010 -3.55271e-010
-5.30961e-010 -5.32907e-010
-5.99426e-010 -6.03961e-010
-3.98409e-010 -3.90799e-010
-2.47444e-010 -2.4869e-010
-1.58635e-009 -1.58096e-009
-7.16844e-011 -7.10543e-011
-1.11552e-009 -1.1191e-009
-7.82414e-010 -7.81597e-010
-8.34896e-010 -8.34888e-010
-6.27578e-010 -6.21725e-010
-7.99783e-010 -7.99361e-010
-3.82786e-010 -3.90799e-010
-3.55637e-010 -3.55271e-010
-2.89174e-010 -2.84217e-010
-2.51389e-010 -2.4869e-010
-3.04668e-010 -3.01981e-010
-1.16477e-009 -1.1724e-009
-5.24049e-010 -5.15143e-010
-2.07412e-010 -2.13163e-010
-2.6413e-010 -2.66454e-010
-2.69027e-010 -2.66454e-010
-7.25321e-010 -7.28306e-010
-3.8578e-010 -3.90799e-010
-4.06039e-010 -4.08562e-010
-3.6515e-010 -3.73035e-010
-1.01284e-009 -1.01252e-009
-1.24954e-010 -1.24345e-010
-5.29688e-010 -5.32907e-010
-1.32052e-009 -1.3145e-009
-5.55048e-010 -5.50671e-010
-7.97356e-010 -7.99361e-010
-9.16968e-010 -9.23706e-010
-2.79027e-010 -2.84217e-010
-8.70092e-010 -8.70415e-010
-5.46084e-010 -5.50671e-010
-4.40538e-010 -4.44089e-010
-2.76733e-010 -2.84217e-010
-9.70636e-010 -9.76996e-010
-7.14411e-010 -7.10543e-010
-6.78118e-010 -6.75016e-010
-2.09879e-010 -2.13163e-010
-5.10409e-010 -5.15143e-010
-2.62667e-010 -2.66454e-010
-1.83306e-010 -1.77636e-010
-5.6304e-010 -5.68434e-010
-2.98499e-010 -3.01981e-010
-2.93979e-010 -2.84217e-010
-8.63779e-010 -8.70415e-010
-5.97518e-010 -6.03961e-010
-5.54948e-010 -5.50671e-010
-2.82565e-010 -2.84217e-010
-1.98991e-010 -1.95399e-010
-2.4595e-010 -2.4869e-010
-7.76974e-010 -7.81597e-010
-3.65472e-010 -3.73035e-010
-9.87737e-011 -1.06581e-010
-8.77625e-010 -8.70415e-010
-7.31262e-010 -7.28306e-010
-4.51171e-010 -4.44089e-010
-6.27277e-010 -6.21725e-010
-3.53417e-010 -3.55271e-010
-5.94742e-010 -6.03961e-010
-3.0031e-010 -3.01981e-010
-3.38983e-010 -3.37508e-010
-3.44313e-010 -3.37508e-010
-2.21998e-010 -2.30926e-010
-4.34558e-010 -4.26326e-010
-7.87477e-010 -7.81597e-010
-2.53272e-010 -2.4869e-010
-3.86433e-010 -3.90799e-010
-2.32225e-010 -2.30926e-010
-3.74845e-010 -3.73035e-010
-4.23773e-010 -4.26326e-010
-5.27596e-010 -5.32907e-010
-9.20414e-010 -9.23706e-010
-4.03144e-010 -4.08562e-010
-3.44426e-010 -3.37508e-010
-5.68596e-010 -5.68434e-010
-1.78412e-010 -1.77636e-010
-1.16353e-009 -1.15463e-009
-4.80993e-010 -4.79616e-010
-3.1156e-010 -3.19744e-010
-6.27397e-010 -6.21725e-010
-2.38259e-010 -2.30926e-010
-1.66852e-010 -1.59872e-010
-1.52347e-010 -1.59872e-010
-3.78349e-010 -3.73035e-010
-6.26142e-010 -6.21725e-010
-1.18013e-009 -1.1724e-009
-1.80652e-010 -1.77636e-010
-2.85992e-010 -2.84217e-010
-2.2471e-010 -2.30926e-010
-9.36215e-010 -9.41469e-010
-2.08996e-010 -2.13163e-010
-6.49114e-010 -6.39488e-010
-3.41068e-010 -3.37508e-010
-2.58979e-010 -2.66454e-010
-2.08565e-010 -2.13163e-010
-3.5499e-010 -3.55271e-010
-4.89382e-010 -4.9738e-010
-4.67292e-010 -4.61853e-010
-4.33368e-010 -4.26326e-010
-2.93717e-010 -2.84217e-010
-7.16917e-011 -7.10543e-011
-4.5548e-010 -4.61853e-010
-2.29956e-010 -2.30926e-010
-3.09118e-010 -3.01981e-010
-3.73916e-010 -3.73035e-010
-7.93118e-010 -7.99361e-010
-8.76997e-010 -8.70415e-010
-8.51946e-010 -8.52651e-010
-5.38167e-010 -5.32907e-010
-4.63064e-010 -4.61853e-010
-6.09948e-010 -6.03961e-010
-2.88371e-010 -2.84217e-010
-5.17331e-010 -5.15143e-010
-2.38202e-010 -2.30926e-010
-3.1168e-010 -3.19744e-010
-6.21074e-010 -6.21725e-010
-5.48363e-010 -5.50671e-010
-3.90403e-010 -3.90799e-010
-5.13554e-010 -5.15143e-010
-2.46889e-010 -2.4869e-010
-9.25168e-010 -9.23706e-010
-2.63974e-010 -2.66454e-010
-2.06208e-010 -2.13163e-010
-2.71619e-010 -2.66454e-010
-5.69427e-010 -5.68434e-010
-4.14921e-010 -4.08562e-010
-3.28465e-010 -3.19744e-010
-5.40396e-010 -5.32907e-010
-6.27942e-010 -6.21725e-010
-6.04276e-010 -6.03961e-010
-5.5714e-010 -5.50671e-010
-6.14793e-010 -6.21725e-010
-2.36533e-010 -2.30926e-010
-2.80744e-010 -2.84217e-010
-2.64172e-010 -2.66454e-010
-7.38654e-010 -7.4607e-010
-4.754e-010 -4.79616e-010
-2.73216e-010 -2.66454e-010
-9.08553e-010 -9.05942e-010
-7.56956e-010 -7.63833e-010
-5.28948e-010 -5.32907e-010
-7.98764e-010 -7.99361e-010
-2.86183e-010 -2.84217e-010
-4.79985e-010 -4.79616e-010
-3.60615e-010 -3.55271e-010
-3.3826e-010 -3.37508e-010
-3.61196e-010 -3.55271e-010
-2.09126e-010 -2.13163e-010
-4.58733e-010 -4.61853e-010
-3.26978e-010 -3.19744e-010
-2.32583e-010 -2.30926e-010
-3.02118e-010 -3.01981e-010
-2.85771e-010 -2.84217e-010
-6.01943e-010 -6.03961e-010
-5.44982e-010 -5.50671e-010
-2.4644e-010 -2.4869e-010
-1.65926e-010 -1.59872e-010
-3.63587e-010 -3.55271e-010
-6.84379e-010 -6.92779e-010
-2.89395e-010 -2.84217e-010
-3.87651e-010 -3.90799e-010
-5.08147e-010 -5.15143e-010
-3.44419e-010 -3.37508e-010
-3.49976e-010 -3.55271e-010
-1.46305e-010 -1.42109e-010
-1.97346e-010 -1.95399e-010
-1.02797e-009 -1.03029e-009
-1.20709e-009 -1.20792e-009
-2.74536e-010 -2.66454e-010
-5.30421e-010 -5.32907e-010
-4.93806e-010 -4.9738e-010
-2.83191e-010 -2.84217e-010
-1.60864e-010 -1.59872e-010
-1.49955e-010 -1.42109e-010
-6.40345e-010 -6.39488e-010
-2.72004e-010 -2.66454e-010
-1.84919e-009 -1.84741e-009
-6.57558e-010 -6.57252e-010
-2.92571e-010 -2.84217e-010
-3.02927e-010 -3.01981e-010
-6.32241e-010 -6.39488e-010
-1.95892e-010 -1.95399e-010
-2.63085e-010 -2.66454e-010
-2.26186e-010 -2.30926e-010
-5.96733e-010 -6.03961e-010
-1.43441e-010 -1.42109e-010
-3.80725e-010 -3.73035e-010
-4.37833e-010 -4.44089e-010
-2.83889e-010 -2.84217e-010
-4.13143e-010 -4.08562e-010
-6.33986e-010 -6.39488e-010
-2.91759e-009 -2.91323e-009
-3.32596e-010 -3.37508e-010
-4.52549e-010 -4.44089e-010
-5.85012e-010 -5.86198e-010
-4.32487e-010 -4.26326e-010
-2.82626e-010 -2.84217e-010
-3.98421e-010 -3.90799e-010
-2.3436e-010 -2.30926e-010
-1.28549e-009 -1.27898e-009
-8.3986e-010 -8.34888e-010
-4.12815e-010 -4.08562e-010
-2.4111e-010 -2.4869e-010
-5.40068e-010 -5.32907e-010
-3.07653e-010 -3.01981e-010
-2.47874e-010 -2.4869e-010
-2.32777e-010 -2.30926e-010
-2.81445e-010 -2.84217e-010
-3.01654e-010 -3.01981e-010
-6.26548e-010 -6.21725e-010
-5.86862e-010 -5.86198e-010
-3.83686e-010 -3.90799e-010
-5.26404e-010 -5.32907e-010
-7.07268e-010 -7.10543e-010
-1.07835e-012 0
-6.07951e-010 -6.03961e-010
-3.8214e-010 -3.90799e-010
-3.15129e-010 -3.19744e-010
-2.17193e-010 -2.13163e-010
-3.46932e-010 -3.37508e-010
-2.88745e-010 -2.84217e-010
-7.03739e-010 -7.10543e-010
-1.96959e-010 -1.95399e-010
-2.64267e-010 -2.66454e-010
-3.83919e-010 -3.90799e-010
-6.38125e-010 -6.39488e-010
-3.93731e-010 -3.90799e-010
-9.49002e-010 -9.41469e-010
-3.6112e-010 -3.55271e-010
-3.87327e-010 -3.90799e-010
-3.71995e-010 -3.73035e-010
-3.80273e-010 -3.73035e-010
-3.44967e-010 -3.37508e-010
-7.07786e-010 -7.10543e-010
-3.46203e-010 -3.37508e-010
-2.86867e-010 -2.84217e-010
-1.52142e-010 -1.59872e-010
-5.48986e-010 -5.50671e-010
-3.61383e-010 -3.55271e-010
-9.69278e-010 -9.76996e-010
-1.14542e-009 -1.13687e-009
-1.75773e-009 -1.75859e-009
-2.00216e-010 -1.95399e-010
-4.02666e-010 -4.08562e-010
-5.44086e-010 -5.50671e-010
-2.22131e-010 -2.30926e-010
-2.35357e-010 -2.30926e-010
-2.82437e-010 -2.84217e-010
-3.76094e-010 -3.73035e-010
-7.16531e-010 -7.10543e-010
-2.42641e-010 -2.4869e-010
-2.0396e-010 -1.95399e-010
-5.45578e-010 -5.50671e-010
-6.64572e-010 -6.57252e-010
-4.73057e-010 -4.79616e-010
-1.26778e-010 -1.24345e-010
-9.51439e-010 -9.59233e-010
-9.74851e-010 -9.76996e-010
-7.56536e-010 -7.4607e-010
-1.29565e-009 -1.29674e-009
-3.05948e-010 -3.01981e-010
-2.066e-010 -2.13163e-010
-3.94816e-010 -3.90799e-010
-2.22128e-009 -2.22045e-009
-1.1282e-009 -1.13687e-009
-5.29549e-010 -5.32907e-010
-3.5767e-010 -3.55271e-010
-3.8141e-010 -3.90799e-010
-5.3507e-010 -5.32907e-010
-2.97887e-010 -3.01981e-010
-4.06154e-010 -4.08562e-010
-5.80118e-010 -5.86198e-010
-7.42902e-010 -7.4607e-010
-2.1818e-010 -2.13163e-010
-5.29166e-010 -5.32907e-010
-4.41052e-010 -4.44089e-010
-2.69606e-010 -2.66454e-010
-3.17447e-010 -3.19744e-010
-3.22069e-010 -3.19744e-010
-2.41843e-010 -2.4869e-010
-2.26357e-010 -2.30926e-010
-4.98731e-010 -4.9738e-010
-1.78144e-010 -1.77636e-010
-2.69591e-010 -2.66454e-010
-5.2916e-010 -5.32907e-010
-2.63752e-010 -2.66454e-010
-5.46569e-010 -5.50671e-010
-6.21104e-010 -6.21725e-010
-5.73956e-010 -5.68434e-010
-2.55019e-010 -2.4869e-010
-2.53234e-010 -2.4869e-010
-8.86565e-010 -8.88178e-010
-2.9506e-010 -3.01981e-010
-3.55689e-010 -3.55271e-010
-4.71595e-010 -4.61853e-010
-7.53533e-010 -7.4607e-010
-3.0533e-010 -3.01981e-010
-7.93643e-010 -7.99361e-010
-4.2031e-010 -4.26326e-010
-6.26631e-010 -6.21725e-010
-1.45434e-009 -1.45661e-009
-2.55917e-010 -2.4869e-010
-3.19078e-010 -3.19744e-010
-4.69581e-010 -4.61853e-010
-1.92016e-010 -1.95399e-010
-5.46376e-010 -5.50671e-010
-3.94866e-010 -3.90799e-010
-2.5763e-010 -2.4869e-010
-1.09968e-010 -1.06581e-010
-5.8961e-010 -5.86198e-010
-1.96592e-010 -1.95399e-010
-7.55322e-010 -7.4607e-010
-5.41766e-010 -5.50671e-010
-5.03256e-010 -4.9738e-010
-4.86111e-010 -4.79616e-010
-6.24703e-010 -6.21725e-010
-9.40595e-010 -9.41469e-010
-4.16546e-010 -4.26326e-010
-1.92572e-010 -1.95399e-010
-3.21208e-010 -3.19744e-010
-5.03137e-010 -4.9738e-010
-4.0451e-010 -4.08562e-010
-1.75971e-010 -1.77636e-010
-3.8716e-010 -3.90799e-010
-3.50656e-010 -3.55271e-010
-3.30488e-010 -3.37508e-010
-2.61618e-010 -2.66454e-010
-5.41492e-010 -5.50671e-010
-1.90764e-010 -1.95399e-010
-4.72829e-010 -4.79616e-010
-5.35498e-010 -5.32907e-010
-6.00548e-010 -6.03961e-010
-2.00107e-010 -1.95399e-010
-2.65593e-010 -2.66454e-010
-5.87759e-010 -5.86198e-010
-1.79018e-010 -1.77636e-010
-5.18659e-010 -5.15143e-010
-1.86452e-010 -1.95399e-010
-6.30744e-010 -6.39488e-010
-4.01496e-010 -4.08562e-010
-1.95381e-010 -1.95399e-010
-2.87202e-010 -2.84217e-010
-3.94374e-010 -3.90799e-010
-3.55309e-010 -3.55271e-010
-3.30378e-010 -3.37508e-010
-5.24115e-010 -5.15143e-010
-6.47919e-010 -6.39488e-010
-3.04285e-010 -3.01981e-010
-3.24298e-010 -3.19744e-010
-4.36032e-010 -4.44089e-010
-4.44228e-010 -4.44089e-010
-1.57781e-009 -1.58096e-009
-1.30264e-009 -1.29674e-009
-7.1896e-010 -7.10543e-010
-3.2723e-010 -3.19744e-010
-2.5851e-010 -2.4869e-010
-4.77455e-010 -4.79616e-010
-2.24706e-010 -2.30926e-010
-3.37654e-010 -3.37508e-010
-1.44948e-009 -1.45661e-009
-3.62401e-010 -3.55271e-010
-4.0783e-010 -4.08562e-010
-4.75047e-010 -4.79616e-010
-2.23146e-010 -2.30926e-010
-8.62698e-010 -8.70415e-010
-8.95566e-010 -8.88178e-010
-6.66667e-010 -6.75016e-010
-9.64454e-010 -9.59233e-010
-2.47101e-010 -2.4869e-010
-1.08659e-009 -1.08358e-009
-2.92118e-010 -2.84217e-010
-5.79824e-010 -5.86198e-010
-4.07967e-010 -4.08562e-010
-2.86245e-010 -2.84217e-010
-2.77239e-010 -2.84217e-010
-2.53799e-010 -2.4869e-010
-3.83016e-010 -3.90799e-010
-5.67152e-010 -5.68434e-010
-3.29339e-010 -3.37508e-010
-3.06481e-010 -3.01981e-010
-3.32541e-010 -3.37508e-010
-5.42526e-010 -5.50671e-010
-1.72916e-010 -1.77636e-010
-4.3756e-010 -4.44089e-010
-2.96029e-010 -3.01981e-010
-1.95081e-010 -1.95399e-010
-2.87856e-010 -2.84217e-010
-9.77297e-010 -9.76996e-010
-4.80412e-010 -4.79616e-010
-9.24094e-010 -9.23706e-010
-2.56723e-010 -2.4869e-010
-1.98653e-010 -1.95399e-010
-2.30916e-010 -2.30926e-010
-4.09306e-010 -4.08562e-010
-3.60876e-010 -3.55271e-010
-4.00209e-010 -4.08562e-010
-4.23877e-010 -4.26326e-010
-6.99872e-010 -6.92779e-010
-8.07492e-010 -7.99361e-010
-2.9474e-010 -3.01981e-010
-6.24226e-010 -6.21725e-010
-4.12752e-010 -4.08562e-010
-2.8238e-010 -2.84217e-010
-3.71035e-010 -3.73035e-010
-7.38668e-010 -7.4607e-010
-2.7005e-010 -2.66454e-010
-4.92546e-010 -4.9738e-010
-5.11994e-010 -5.15143e-010
-6.64913e-010 -6.57252e-010
-5.36666e-010 -5.32907e-010
-3.40752e-010 -3.37508e-010
-6.19269e-010 -6.21725e-010
-3.39624e-010 -3.37508e-010
-1.05443e-009 -1.04805e-009
-2.14511e-010 -2.13163e-010
-1.86538e-010 -1.77636e-010
-3.35521e-010 -3.37508e-010
-3.83915e-010 -3.90799e-010
-3.37268e-010 -3.37508e-010
-4.38586e-010 -4.44089e-010
-4.14703e-010 -4.08562e-010
-3.22127e-010 -3.19744e-010
-5.4332e-010 -5.50671e-010
-2.03197e-010 -2.13163e-010
-4.78604e-010 -4.79616e-010
-2.7133e-010 -2.66454e-010
-5.59168e-010 -5.68434e-010
-3.68384e-010 -3.73035e-010
-2.68338e-010 -2.66454e-010
-3.50941e-010 -3.55271e-010
-5.13527e-010 -5.15143e-010
-6.86104e-010 -6.92779e-010
-4.67083e-010 -4.61853e-010
-3.92965e-010 -3.90799e-010
-3.80159e-010 -3.73035e-010
-5.19459e-010 -5.15143e-010
-5.56009e-010 -5.50671e-010
-2.99672e-010 -3.01981e-010
-5.0424e-010 -4.9738e-010
-1.59188e-010 -1.59872e-010
-2.0214e-010 -1.95399e-010
-3.59015e-010 -3.55271e-010
-4.56509e-010 -4.61853e-010
-2.32292e-010 -2.30926e-010
-9.51805e-010 -9.41469e-010
-7.2597e-010 -7.28306e-010
-6.55783e-010 -6.57252e-010
-4.7322e-010 -4.79616e-010
-2.80446e-010 -2.84217e-010
-2.93126e-010 -2.84217e-010
-1.85098e-010 -1.77636e-010
-4.70634e-010 -4.61853e-010
-3.23048e-010 -3.19744e-010
-4.68141e-010 -4.61853e-010
-2.005e-010 -1.95399e-010
-1.60672e-010 -1.59872e-010
-4.70282e-010 -4.61853e-010
-3.92265e-010 -3.90799e-010
-2.97963e-010 -3.01981e-010
-5.04487e-010 -4.9738e-010
-5.75579e-010 -5.68434e-010
-3.08737e-010 -3.01981e-010
-2.46231e-010 -2.4869e-010
-1.78906e-010 -1.77636e-010
-6.13907e-010 -6.03961e-010
-5.53518e-010 -5.50671e-010
-5.65441e-010 -5.68434e-010
-3.82036e-010 -3.90799e-010
-3.7048e-010 -3.73035e-010
-2.40025e-010 -2.4869e-010
-6.39307e-010 -6.39488e-010
-5.77341e-010 -5.68434e-010
-3.26882e-010 -3.19744e-010
-5.84205e-010 -5.86198e-010
-3.32881e-010 -3.37508e-010
-2.27796e-010 -2.30926e-010
-4.60867e-010 -4.61853e-010
-2.09148e-010 -2.13163e-010
-1.33907e-011 -1.77636e-011
-4.6562e-010 -4.61853e-010
-2.73952e-010 -2.66454e-010
-9.3165e-010 -9.23706e-010
-7.46267e-010 -7.4607e-010
-6.84223e-010 -6.75016e-010
-3.12838e-010 -3.19744e-010
-4.36572e-010 -4.44089e-010
-4.94677e-010 -4.9738e-010
-3.00688e-010 -3.01981e-010
-3.9586e-010 -3.90799e-010
-5.1096e-010 -5.15143e-010
-4.06198e-010 -4.08562e-010
-7.0416e-010 -7.10543e-010
-1.71149e-009 -1.7053e-009
-5.79781e-010 -5.86198e-010
-3.8429e-010 -3.90799e-010
-2.789e-010 -2.84217e-010
-3.91817e-010 -3.90799e-010
-2.04227e-010 -2.13163e-010
-1.69797e-010 -1.77636e-010
-5.52524e-010 -5.50671e-010
-3.30065e-010 -3.37508e-010
-3.81444e-010 -3.90799e-010
-1.87918e-010 -1.95399e-010
-2.12552e-010 -2.13163e-010
-2.11258e-010 -2.13163e-010
-5.72845e-010 -5.68434e-010
-5.71102e-010 -5.68434e-010
-4.53667e-010 -4.61853e-010
-2.28527e-010 -2.30926e-010
-4.74453e-010 -4.79616e-010
-7.79621e-010 -7.81597e-010
-4.47264e-010 -4.44089e-010
-5.91096e-010 -5.86198e-010
-8.12104e-010 -8.17124e-010
-2.4162e-010 -2.4869e-010
-3.84616e-010 -3.90799e-010
-4.29812e-010 -4.26326e-010
-7.78851e-010 -7.81597e-010
-5.20771e-010 -5.15143e-010
-2.78899e-010 -2.84217e-010
-2.33391e-010 -2.30926e-010
-4.5916e-010 -4.61853e-010
-9.38255e-010 -9.41469e-010
-5.67383e-010 -5.68434e-010
-7.39794e-010 -7.4607e-010
-5.85097e-010 -5.86198e-010
-3.13153e-010 -3.19744e-010
-1.21917e-009 -1.22569e-009
-2.06229e-010 -2.13163e-010
-3.17607e-010 -3.19744e-010
-8.71351e-010 -8.70415e-010
-3.65316e-010 -3.73035e-010
-2.20706e-010 -2.13163e-010
-3.16281e-010 -3.19744e-010
-8.71541e-010 -8.70415e-010
-8.84458e-010 -8.88178e-010
-2.41348e-010 -2.4869e-010
-5.03632e-010 -4.9738e-010
-4.47625e-010 -4.44089e-010
-3.93647e-010 -3.90799e-010
-5.01201e-010 -4.9738e-010
-2.77688e-010 -2.84217e-010
-3.00299e-010 -3.01981e-010
-2.97084e-010 -3.01981e-010
-1.09801e-009 -1.10134e-009
-1.84968e-010 -1.77636e-010
-6.45489e-010 -6.39488e-010
-1.12145e-009 -1.1191e-009
-2.48806e-009 -2.4869e-009
-4.70282e-010 -4.61853e-010
-4.71782e-010 -4.79616e-010
-8.94499e-010 -8.88178e-010
-2.69873e-010 -2.66454e-010
-7.6297e-010 -7.63833e-010
-7.97473e-010 -7.99361e-010
-4.51984e-010 -4.44089e-010
-4.29489e-010 -4.26326e-010
-4.82303e-010 -4.79616e-010
-5.5953e-010 -5.68434e-010
-7.24111e-010 -7.28306e-010
-2.83077e-010 -2.84217e-010
-5.326e-010 -5.32907e-010
-2.15266e-010 -2.13163e-010
-7.22373e-010 -7.28306e-010
-1.91732e-010 -1.95399e-010
-4.20512e-010 -4.26326e-010
-2.39916e-010 -2.4869e-010
-3.2377e-010 -3.19744e-010
-2.29513e-010 -2.30926e-010
-9.04774e-010 -9.05942e-010
-4.6623e-010 -4.61853e-010
-2.13489e-010 -2.13163e-010
-1.24244e-010 -1.24345e-010
-3.45531e-010 -3.37508e-010
-2.21724e-010 -2.30926e-010
-1.907e-010 -1.95399e-010
-1.8825e-010 -1.95399e-010
-1.9394e-010 -1.95399e-010
-5.47271e-010 -5.50671e-010
-4.63331e-010 -4.61853e-010
-4.15561e-010 -4.08562e-010
-2.99721e-010 -3.01981e-010
-2.90183e-010 -2.84217e-010
-5.14107e-010 -5.15143e-010
-2.13886e-010 -2.13163e-010
-1.35525e-010 -1.42109e-010
-1.65565e-010 -1.59872e-010
-3.14448e-010 -3.19744e-010
-7.28795e-010 -7.28306e-010
-4.8924e-010 -4.9738e-010
-4.88816e-010 -4.9738e-010
-3.46076e-010 -3.55271e-010
-2.41136e-010 -2.4869e-010
-2.85818e-010 -2.84217e-010
-1.09496e-009 -1.10134e-009
-3.88999e-010 -3.90799e-010
-5.42847e-010 -5.50671e-010
-3.39755e-010 -3.37508e-010
-2.55899e-010 -2.4869e-010
-4.16674e-010 -4.08562e-010
-4.52996e-010 -4.44089e-010
-2.37525e-010 -2.30926e-010
-3.94186e-010 -3.90799e-010
-6.12926e-010 -6.03961e-010
-6.17871e-010 -6.21725e-010
-1.74582e-010 -1.77636e-010
-3.23482e-010 -3.19744e-010
-2.96749e-010 -3.01981e-010
-8.69667e-010 -8.70415e-010
-1.11676e-009 -1.1191e-009
-1.7048e-010 -1.77636e-010
-6.54021e-010 -6.57252e-010
-4.57038e-010 -4.61853e-010
-6.27508e-010 -6.21725e-010
-3.64147e-010 -3.73035e-010
-3.18526e-010 -3.19744e-010
-4.62076e-010 -4.61853e-010
-1.29332e-010 -1.24345e-010
-5.72436e-010 -5.68434e-010
-6.93437e-010 -6.92779e-010
-7.31982e-010 -7.28306e-010
-2.07466e-010 -2.13163e-010
-3.87566e-010 -3.90799e-010
-1.94261e-010 -1.95399e-010
-7.42916e-010 -7.4607e-010
-5.32739e-010 -5.32907e-010
-4.17903e-010 -4.26326e-010
-2.78682e-010 -2.84217e-010
-4.0444e-010 -4.08562e-010
-6.71842e-010 -6.75016e-010
-4.85094e-010 -4.79616e-010
-4.33454e-010 -4.26326e-010
-7.75906e-010 -7.81597e-010
-3.43522e-010 -3.37508e-010
-4.68763e-010 -4.61853e-010
-3.60539e-010 -3.55271e-010
-4.00237e-010 -4.08562e-010
-3.69984e-010 -3.73035e-010
-1.79516e-010 -1.77636e-010
-3.40989e-010 -3.37508e-010
-2.92743e-010 -2.84217e-010
-1.91458e-010 -1.95399e-010
-2.62135e-010 -2.66454e-010
-6.08122e-010 -6.03961e-010
-8.47356e-011 -8.88178e-011
-4.33544e-010 -4.26326e-010
-2.06457e-010 -2.13163e-010
-5.92727e-010 -5.86198e-010
-5.484e-010 -5.50671e-010
-6.02395e-010 -6.03961e-010
-2.71933e-010 -2.66454e-010
-2.92319e-010 -2.84217e-010
-3.78776e-010 -3.73035e-010
-3.52458e-010 -3.55271e-010
-6.24857e-010 -6.21725e-010
-1.99667e-010 -1.95399e-010
-7.17954e-010 -7.10543e-010
-6.95718e-010 -6.92779e-010
-3.01193e-010 -3.01981e-010
-2.89188e-010 -2.84217e-010
-3.97962e-010 -3.90799e-010
-6.49364e-010 -6.57252e-010
-1.58312e-010 -1.59872e-010
-3.94362e-010 -3.90799e-010
-7.28007e-010 -7.28306e-010
-3.26209e-010 -3.19744e-010
-3.50593e-010 -3.55271e-010
-2.53487e-010 -2.4869e-010
-4.66965e-010 -4.61853e-010
-2.98953e-010 -3.01981e-010
-3.61609e-010 -3.55271e-010
-1.44873e-010 -1.42109e-010
-2.16606e-010 -2.13163e-010
-7.65087e-010 -7.63833e-010
-4.43919e-010 -4.44089e-010
-8.70026e-010 -8.70415e-010
-7.11294e-010 -7.10543e-010
-4.88745e-010 -4.79616e-010
-2.817e-010 -2.84217e-010
-3.31198e-010 -3.37508e-010
-2.21347e-010 -2.13163e-010
-3.70942e-010 -3.73035e-010
-3.51511e-010 -3.55271e-010
-4.60649e-010 -4.61853e-010
-2.28993e-010 -2.30926e-010
-1.11815e-009 -1.1191e-009
-8.81785e-010 -8.88178e-010
-2.59267e-010 -2.4869e-010
-1.06063e-009 -1.06581e-009
-2.24908e-010 -2.30926e-010
-2.9663e-010 -3.01981e-010
-4.79233e-010 -4.79616e-010
-3.61992e-010 -3.55271e-010
-3.29837e-010 -3.37508e-010
-1.50208e-010 -1.42109e-010
-3.01397e-010 -3.01981e-010
-2.86777e-010 -2.84217e-010
-2.25156e-010 -2.30926e-010
-3.71918e-010 -3.73035e-010
-4.81309e-010 -4.79616e-010
-3.12461e-010 -3.19744e-010
-4.50919e-010 -4.44089e-010
-2.01122e-010 -1.95399e-010
-2.13001e-010 -2.13163e-010
-1.44017e-010 -1.42109e-010
-5.80111e-010 -5.86198e-010
-3.38258e-010 -3.37508e-010
