-0.000909268 -0.000909268
-0.000905516 -0.000905516
-0.000932371 -0.000932371
-0.000935569 -0.000935569
-0.00094185 -0.00094185
-0.000916323 -0.000916323
-0.000940008 -0.000940008
-0.00093066 -0.00093066
-0.000928304 -0.000928304
-0.000969018 -0.000969018
-0.000930766 -0.000930766
-0.000927167 -0.000927167
-0.00101373 -0.00101373
-0.000925226 -0.000925226
-0.000925147 -0.000925147
-0.000901673 -0.000901673
-0.000930881 -0.000930881
-0.000893599 -0.000893599
-0.000917177 -0.000917177
-0.000939667 -0.000939667
-0.000949784 -0.000949784
-0.000923304 -0.000923304
-0.000946798 -0.000946798
-0.00093784 -0.00093784
-0.000927379 -0.000927379
-0.000940505 -0.000940505
-0.000921524 -0.000921524
-0.000931009 -0.000931009
-0.000901024 -0.000901024
-0.000943237 -0.000943237
-0.000945013 -0.000945013
-0.00090082 -0.00090082
-0.000924702 -0.000924702
-0.000950244 -0.000950244
-0.000945722 -0.000945722
-0.00096496 -0.00096496
-0.000930135 -0.000930135
-0.000915061 -0.000915061
-0.000920278 -0.000920278
-0.000935741 -0.000935741
-0.000905808 -0.000905808
-0.000901473 -0.000901473
-0.000908716 -0.000908716
-0.000904194 -0.000904194
-0.000932653 -0.000932653
-0.000912056 -0.000912056
-0.000936698 -0.000936698
-0.000932419 -0.000932419
-0.000933386 -0.000933386
-0.000902546 -0.000902546
-0.00093348 -0.00093348
-0.000958968 -0.000958968
-0.00092503 -0.00092503
-0.000917827 -0.000917827
-0.00091532 -0.00091532
-0.000916854 -0.000916854
-0.000929651 -0.000929651
-0.000908644 -0.000908644
-0.000901194 -0.000901194
-0.00102041 -0.00102041
0.999037 0.999037
-0.000924756 -0.000924756
-0.000946559 -0.000946559
-0.000929724 -0.000929724
-0.000896942 -0.000896942
-0.000921457 -0.000921457
-0.000922326 -0.000922326
-0.000895873 -0.000895873
-0.000964657 -0.000964657
-0.000906656 -0.000906656
-0.000924126 -0.000924126
-0.000906336 -0.000906336
-0.000923354 -0.000923354
-0.000900837 -0.000900837
-0.000923555 -0.000923555
-0.000941095 -0.000941095
-0.000917756 -0.000917756
-0.000926061 -0.000926061
-0.000932552 -0.000932552
-0.000912173 -0.000912173
-0.000915848 -0.000915848
-0.000908766 -0.000908766
-0.000957087 -0.000957087
-0.00094163 -0.00094163
-0.000873344 -0.000873344
-0.000961662 -0.000961662
-0.000902042 -0.000902042
-0.000913557 -0.000913557
-0.000910908 -0.000910908
-0.000931708 -0.000931708
-0.000940572 -0.000940572
-0.000942028 -0.000942028
-0.000923437 -0.000923437
-0.000920352 -0.000920352
-0.00094847 -0.00094847
-0.000906769 -0.000906769
-0.000900033 -0.000900033
-0.000925275 -0.000925275
-0.000931248 -0.000931248
-0.000896121 -0.000896121
-0.000929755 -0.000929755
-0.000962934 -0.000962934
-0.000933184 -0.000933184
-0.000926038 -0.000926038
-0.000947937 -0.000947937
-0.000919672 -0.000919672
-0.000939583 -0.000939583
-0.000966216 -0.000966216
-0.000962088 -0.000962088
-0.000961462 -0.000961462
-0.000962358 -0.000962358
-0.000962666 -0.000962666
-0.000953261 -0.000953261
-0.00091338 -0.00091338
-0.000915636 -0.000915636
-0.000904466 -0.000904466
-0.000944227 -0.000944227
-0.000940696 -0.000940696
-0.000922127 -0.000922127
-0.000909811 -0.000909811
-0.000926071 -0.000926071
-0.000958422 -0.000958422
-0.000940878 -0.000940878
-0.000924978 -0.000924978
-0.000945006 -0.000945006
-0.000923153 -0.000923153
-0.000943693 -0.000943693
-0.000942089 -0.000942089
-0.000912433 -0.000912433
-0.000896279 -0.000896279
-0.000931683 -0.000931683
-0.00093337 -0.00093337
-0.000898877 -0.000898877
-0.000928277 -0.000928277
-0.000914213 -0.000914213
-0.000936114 -0.000936114
-0.000891911 -0.000891911
-0.000917995 -0.000917995
-0.000915346 -0.000915346
-0.0009286 -0.0009286
-0.000938386 -0.000938386
-0.000906188 -0.000906188
-0.000927492 -0.000927492
-0.000924668 -0.000924668
-0.000935346 -0.000935346
-0.000949828 -0.000949828
-0.000915449 -0.000915449
-0.000901951 -0.000901951
-0.000910196 -0.000910196
-0.000918905 -0.000918905
-0.000944324 -0.000944324
-0.000943107 -0.000943107
-0.000907306 -0.000907306
-0.000915261 -0.000915261
-0.000941823 -0.000941823
-0.000944656 -0.000944656
-0.000925668 -0.000925668
-0.000934247 -0.000934247
-0.000942287 -0.000942287
-0.000920462 -0.000920462
-0.000904058 -0.000904058
-0.000942883 -0.000942883
-0.000947227 -0.000947227
-0.000908913 -0.000908913
-0.000930186 -0.000930186
-0.00092896 -0.00092896
-0.000942592 -0.000942592
-0.000926089 -0.000926089
-0.000909455 -0.000909455
-0.000914512 -0.000914512
-0.000904079 -0.000904079
-0.000898885 -0.000898885
-0.000901169 -0.000901169
-0.00090901 -0.00090901
-0.000931459 -0.000931459
-0.00092108 -0.00092108
-0.000934916 -0.000934916
-0.000894809 -0.000894809
-0.000886155 -0.000886155
-0.000946823 -0.000946823
-0.000936734 -0.000936734
-0.000927782 -0.000927782
-0.000915627 -0.000915627
-0.000930973 -0.000930973
-0.000953553 -0.000953553
-0.000924701 -0.000924701
-0.000970722 -0.000970722
-0.000982644 -0.000982644
-0.000918216 -0.000918216
-0.000925662 -0.000925662
-0.000927284 -0.000927284
-0.000926999 -0.000926999
-0.000903437 -0.000903437
-0.000950504 -0.000950504
-0.000906057 -0.000906057
-0.00093394 -0.00093394
-0.000938237 -0.000938237
-0.000900739 -0.00090074
-0.000925023 -0.000925023
-0.00093027 -0.00093027
-0.000963002 -0.000963002
-0.000929946 -0.000929946
-0.000966868 -0.000966868
-0.00095337 -0.00095337
-0.000930559 -0.000930559
-0.000943374 -0.000943374
-0.00091143 -0.00091143
-0.000914483 -0.000914483
-0.000898375 -0.000898375
-0.000905649 -0.000905649
-0.000909968 -0.000909968
-0.000912121 -0.000912121
-0.000964747 -0.000964747
-0.000921345 -0.000921345
-0.000902761 -0.000902761
-0.000920658 -0.000920658
-0.000902136 -0.000902136
-0.000942231 -0.000942231
-0.000927422 -0.000927422
-0.000906316 -0.000906316
-0.00094782 -0.00094782
-0.000941016 -0.000941016
-0.000938439 -0.000938439
-0.000930002 -0.000930002
-0.000926726 -0.000926726
-0.000935011 -0.000935011
-0.000929072 -0.000929072
-0.000940558 -0.000940558
-0.000938706 -0.000938706
-0.000939232 -0.000939232
-0.000932446 -0.000932446
-0.000927464 -0.000927464
-0.000921022 -0.000921022
-0.000936639 -0.000936639
-0.000937056 -0.000937056
-0.000948752 -0.000948752
-0.000946697 -0.000946697
-0.000916856 -0.000916856
-0.000937045 -0.000937045
-0.000899649 -0.000899649
-0.000917706 -0.000917706
-0.000947442 -0.000947442
-0.000894434 -0.000894434
-0.000910654 -0.000910654
-0.000935288 -0.000935288
-0.000889308 -0.000889308
-0.000944226 -0.000944226
-0.000926228 -0.000926228
-0.000906618 -0.000906618
-0.000912801 -0.000912801
-0.000918183 -0.000918183
-0.000927023 -0.000927023
-0.000907971 -0.000907971
-0.000949488 -0.000949488
-0.000946506 -0.000946506
-0.000976819 -0.000976819
-0.000912594 -0.000912594
-0.000936287 -0.000936287
-0.000895264 -0.000895264
-0.000935436 -0.000935437
-0.000945047 -0.000945047
-0.000915387 -0.000915387
-0.000931103 -0.000931103
-0.000897629 -0.000897629
-0.000920218 -0.000920218
-0.000906866 -0.000906866
-0.000948578 -0.000948578
-0.000906274 -0.000906274
-0.000915389 -0.000915389
-0.000914414 -0.000914414
-0.000914652 -0.000914652
-0.000927033 -0.000927033
-0.000949703 -0.000949703
-0.000957327 -0.000957327
-0.000894811 -0.000894811
-0.000897938 -0.000897938
-0.000949506 -0.000949506
-0.000944369 -0.000944369
-0.000920221 -0.000920221
-0.00092901 -0.00092901
-0.000924555 -0.000924555
-0.000923122 -0.000923122
-0.000904031 -0.000904031
-0.000891603 -0.000891603
-0.000911771 -0.000911771
-0.00093168 -0.00093168
-0.000906489 -0.000906489
-0.000910054 -0.000910054
-0.000903761 -0.000903761
-0.000945043 -0.000945043
-0.000919072 -0.000919072
-0.000920078 -0.000920078
-0.000909894 -0.000909894
-0.000907234 -0.000907234
-0.000889757 -0.000889757
-0.000921017 -0.000921017
-0.000929451 -0.000929451
-0.000939878 -0.000939878
-0.00090245 -0.00090245
-0.000913205 -0.000913205
-0.000960478 -0.000960478
-0.000957419 -0.000957419
-0.000898201 -0.000898201
-0.000912804 -0.000912804
-0.000882518 -0.000882518
-0.000928564 -0.000928564
-0.000946085 -0.000946085
-0.000952526 -0.000952526
-0.000886413 -0.000886413
-0.000887147 -0.000887147
-0.000873086 -0.000873086
-0.000913969 -0.000913969
-0.000957474 -0.000957474
-0.000955646 -0.000955646
-0.000920005 -0.000920005
-0.000921035 -0.000921035
-0.000920026 -0.000920026
-0.000896514 -0.000896514
-0.000927554 -0.000927554
-0.000896646 -0.000896646
-0.000900671 -0.000900671
-0.000946375 -0.000946375
-0.000963152 -0.000963152
-0.000914172 -0.000914172
-0.00092168 -0.00092168
-0.000930123 -0.000930123
-0.000931529 -0.000931529
-0.000929396 -0.000929396
-0.000934569 -0.000934569
-0.000938851 -0.000938851
-0.000899753 -0.000899753
-0.00091812 -0.00091812
-0.000927051 -0.000927051
-0.000912798 -0.000912798
-0.000911896 -0.000911896
-0.000920452 -0.000920452
-0.000909669 -0.000909669
-0.000925978 -0.000925978
-0.000939483 -0.000939483
-0.000910459 -0.000910459
-0.000920463 -0.000920463
-0.000938235 -0.000938235
-0.000950768 -0.000950768
-0.000901186 -0.000901186
-0.000938834 -0.000938834
-0.000946406 -0.000946406
-0.000911619 -0.000911619
-0.000919164 -0.000919164
-0.000918571 -0.000918571
-0.000938772 -0.000938772
-0.00092981 -0.00092981
-0.000920563 -0.000920563
-0.000912851 -0.000912851
-0.000941048 -0.000941048
-0.000908756 -0.000908756
-0.000935495 -0.000935495
-0.000935651 -0.000935651
-0.000911214 -0.000911214
-0.000929857 -0.000929857
-0.000924646 -0.000924646
-0.000914985 -0.000914985
-0.000931107 -0.000931107
-0.0009228 -0.0009228
-0.000910486 -0.000910486
-0.000923119 -0.000923119
-0.000973146 -0.000973146
-0.000928403 -0.000928403
-0.000922426 -0.000922426
-0.000928232 -0.000928232
-0.000890154 -0.000890154
-0.00095096 -0.00095096
-0.000911162 -0.000911162
-0.000931284 -0.000931284
-0.000943702 -0.000943702
-0.00093278 -0.00093278
-0.00090846 -0.00090846
-0.00091633 -0.00091633
-0.000918735 -0.000918735
-0.000918032 -0.000918032
-0.000927456 -0.000927456
-0.00089816 -0.00089816
-0.000923075 -0.000923075
-0.000913357 -0.000913357
-0.00094349 -0.00094349
-0.000939143 -0.000939143
-0.000909199 -0.000909199
-0.00092979 -0.00092979
-0.000930445 -0.000930445
-0.000914889 -0.000914889
-0.000913005 -0.000913005
-0.000936928 -0.000936928
-0.000907027 -0.000907027
-0.000913209 -0.000913209
-0.000902618 -0.000902618
-0.000900163 -0.000900163
-0.000920408 -0.000920408
-0.000927174 -0.000927174
-0.000944361 -0.000944361
-0.00094864 -0.00094864
-0.000930763 -0.000930763
-0.000950643 -0.000950643
-0.000892612 -0.000892612
-0.000933663 -0.000933663
-0.00090492 -0.00090492
-0.000932721 -0.000932721
-0.000902781 -0.000902781
-0.000906574 -0.000906574
-0.00093384 -0.00093384
-0.000941726 -0.000941726
-0.000949587 -0.000949587
-0.000947537 -0.000947537
-0.000967201 -0.000967201
-0.000943063 -0.000943063
-0.000927639 -0.000927639
-0.000938755 -0.000938755
-0.000924978 -0.000924978
-0.000928598 -0.000928598
-0.000952922 -0.000952922
-0.00091719 -0.00091719
-0.000944268 -0.000944268
-0.000921266 -0.000921266
-0.000946675 -0.000946675
-0.000894767 -0.000894767
-0.000924197 -0.000924197
-0.0009393 -0.0009393
-0.000921021 -0.000921021
-0.000921523 -0.000921523
-0.000926959 -0.000926959
-0.00093946 -0.00093946
-0.000941635 -0.000941635
-0.000944183 -0.000944183
-0.000946466 -0.000946466
-0.000919132 -0.000919132
-0.000931822 -0.000931822
-0.000934087 -0.000934087
-0.000907857 -0.000907857
-0.000930699 -0.000930699
-0.000919395 -0.000919395
-0.00091954 -0.00091954
-0.000931806 -0.000931806
-0.000897429 -0.000897429
-0.000913404 -0.000913404
-0.000907372 -0.000907372
-0.000908125 -0.000908125
-0.000943451 -0.000943451
-0.000931484 -0.000931484
-0.000930271 -0.000930271
-0.000924707 -0.000924707
-0.000942759 -0.000942759
-0.000927196 -0.000927196
-0.000941302 -0.000941302
-0.000912225 -0.000912225
-0.000936957 -0.000936957
-0.000972954 -0.000972954
-0.000893124 -0.000893124
-0.000907552 -0.000907552
-0.000904567 -0.000904567
-0.000925906 -0.000925906
-0.00091714 -0.00091714
-0.000965594 -0.000965594
-0.000916868 -0.000916868
-0.000909578 -0.000909578
-0.000956324 -0.000956324
-0.000934924 -0.000934924
-0.000904812 -0.000904812
-0.000918207 -0.000918207
-0.00090678 -0.00090678
-0.000911378 -0.000911378
-0.000926903 -0.000926903
-0.000894329 -0.000894329
-0.000913641 -0.000913641
-0.000905335 -0.000905335
-0.000922269 -0.000922269
-0.000924169 -0.000924169
-0.000957049 -0.000957049
-0.0009342 -0.0009342
-0.00091774 -0.00091774
-0.000935936 -0.000935936
-0.000909796 -0.000909796
-0.000924085 -0.000924085
-0.000925176 -0.000925176
-0.000944491 -0.000944491
-0.000927248 -0.000927248
-0.000917356 -0.000917356
-0.000921993 -0.000921993
-0.00092823 -0.00092823
-0.000920996 -0.000920996
-0.000938899 -0.000938899
-0.000917304 -0.000917304
-0.000925568 -0.000925568
-0.000949924 -0.000949924
-0.000923363 -0.000923363
-0.000908759 -0.000908759
-0.000923342 -0.000923342
-0.000940538 -0.000940538
-0.000942884 -0.000942884
-0.00092038 -0.00092038
-0.000904038 -0.000904038
-0.000923992 -0.000923992
-0.000902279 -0.000902279
-0.000916349 -0.000916349
-0.000913193 -0.000913193
-0.000914864 -0.000914864
-0.000920999 -0.000920999
-0.000920678 -0.000920678
-0.000930694 -0.000930694
-0.000922092 -0.000922092
-0.00092071 -0.00092071
-0.000924287 -0.000924287
-0.000960979 -0.000960979
-0.00087447 -0.00087447
-0.000917263 -0.000917263
-0.00089809 -0.00089809
-0.000917796 -0.000917796
-0.000923034 -0.000923034
-0.000937019 -0.000937019
-0.000929099 -0.000929099
-0.000942771 -0.000942771
-0.000963796 -0.000963796
-0.00092846 -0.00092846
-0.000895479 -0.000895479
-0.000938297 -0.000938297
-0.000944718 -0.000944718
-0.0009147 -0.0009147
-0.000922628 -0.000922628
-0.000923964 -0.000923964
-0.000914115 -0.000914115
-0.000913089 -0.000913089
-0.000937178 -0.000937178
-0.000912504 -0.000912504
-0.000932544 -0.000932544
-0.000961755 -0.000961755
-0.000933929 -0.000933929
-0.000897459 -0.000897459
-0.000908416 -0.000908416
-0.000929997 -0.000929997
-0.000901078 -0.000901078
-0.000942049 -0.000942049
-0.000904023 -0.000904023
-0.000948095 -0.000948095
-0.000936805 -0.000936805
-0.000942108 -0.000942108
-0.000938334 -0.000938334
-0.000887512 -0.000887512
-0.00091572 -0.00091572
-0.000908323 -0.000908323
-0.000903314 -0.000903314
-0.000945977 -0.000945977
-0.000940254 -0.000940254
-0.00094386 -0.00094386
-0.000936205 -0.000936205
-0.000898702 -0.000898702
-0.00089815 -0.00089815
-0.000916326 -0.000916326
-0.00092484 -0.00092484
-0.000934737 -0.000934737
-0.000902936 -0.000902936
-0.00094069 -0.00094069
-0.000914505 -0.000914505
-0.000924218 -0.000924218
-0.000905604 -0.000905604
-0.000916382 -0.000916382
-0.000892466 -0.000892466
-0.000952156 -0.000952156
-0.000968227 -0.000968227
-0.000937566 -0.000937566
-0.00092073 -0.00092073
-0.000904374 -0.000904374
-0.000896666 -0.000896666
-0.000890816 -0.000890816
-0.000940129 -0.000940129
-0.000905524 -0.000905524
-0.000905866 -0.000905866
-0.000965861 -0.000965861
-0.000910854 -0.000910854
-0.000941547 -0.000941547
-0.000948119 -0.000948119
-0.000930103 -0.000930103
-0.000928395 -0.000928395
-0.000948285 -0.000948285
-0.000911556 -0.000911556
-0.000932461 -0.000932461
-0.000979767 -0.000979767
-0.000955069 -0.000955069
-0.000935676 -0.000935676
-0.000929452 -0.000929452
-0.000941015 -0.000941015
-0.000965493 -0.000965493
-0.000910927 -0.000910927
-0.000965071 -0.000965071
-0.000928017 -0.000928017
-0.00097295 -0.00097295
-0.000913236 -0.000913236
-0.000908335 -0.000908335
-0.000943506 -0.000943506
-0.000921919 -0.000921919
-0.000898586 -0.000898586
-0.000921922 -0.000921922
-0.000928606 -0.000928606
-0.000904045 -0.000904045
-0.000926271 -0.000926271
-0.000905994 -0.000905994
-0.000909618 -0.000909618
-0.000930493 -0.000930493
-0.000916114 -0.000916114
-0.000903085 -0.000903085
-0.000911242 -0.000911242
-0.000919746 -0.000919746
-0.000875404 -0.000875404
-0.000908235 -0.000908235
-0.000927762 -0.000927762
-0.000880713 -0.000880713
-0.000903004 -0.000903004
-0.000918026 -0.000918026
-0.000929751 -0.000929751
-0.000916411 -0.000916411
-0.000925271 -0.000925271
-0.000934959 -0.000934959
-0.00088544 -0.00088544
-0.000912987 -0.000912987
-0.00090459 -0.00090459
-0.000909439 -0.000909439
-0.000946727 -0.000946727
-0.000922817 -0.000922817
-0.000922039 -0.000922039
-0.000915419 -0.000915419
-0.000934497 -0.000934497
-0.000946146 -0.000946146
-0.000911364 -0.000911364
-0.000914191 -0.000914191
-0.000925197 -0.000925197
-0.000920995 -0.000920996
-0.00094162 -0.00094162
-0.000909125 -0.000909125
-0.000905426 -0.000905426
-0.000903999 -0.000903999
-0.000946698 -0.000946698
-0.000940437 -0.000940437
-0.000896162 -0.000896162
-0.000897143 -0.000897143
-0.000926534 -0.000926534
-0.000887542 -0.000887542
-0.000919763 -0.000919763
-0.000913238 -0.000913238
-0.000935014 -0.000935014
-0.000936769 -0.000936769
-0.00092394 -0.00092394
-0.000931899 -0.000931899
-0.000926855 -0.000926855
-0.000932479 -0.000932479
-0.000940842 -0.000940842
-0.000912747 -0.000912747
-0.00092992 -0.00092992
-0.000932118 -0.000932118
-0.000901726 -0.000901726
-0.000881677 -0.000881677
-0.000947308 -0.000947308
-0.00091663 -0.00091663
-0.00089942 -0.00089942
-0.000908581 -0.000908581
-0.00090575 -0.00090575
-0.000927084 -0.000927084
-0.000930745 -0.000930745
-0.000951102 -0.000951102
-0.000925954 -0.000925954
-0.000902749 -0.000902749
-0.000912722 -0.000912722
-0.000925794 -0.000925794
-0.00095265 -0.00095265
-0.000918505 -0.000918505
-0.00089236 -0.00089236
-0.000905813 -0.000905813
-0.000911171 -0.000911171
-0.000926311 -0.000926311
-0.000941531 -0.000941531
-0.00091681 -0.00091681
-0.000899989 -0.000899989
-0.000946369 -0.000946369
-0.00089913 -0.00089913
-0.00093917 -0.00093917
-0.000926018 -0.000926018
-0.000903518 -0.000903518
-0.000939047 -0.000939047
-0.000911144 -0.000911144
-0.000939973 -0.000939973
-0.00094773 -0.00094773
-0.000914089 -0.000914089
-0.00095262 -0.00095262
-0.000941304 -0.000941304
-0.000940204 -0.000940204
-0.000915133 -0.000915133
-0.000922367 -0.000922367
-0.000917478 -0.000917478
-0.000934316 -0.000934316
-0.000905271 -0.000905271
-0.000943363 -0.000943363
-0.000962467 -0.000962467
-0.000924438 -0.000924438
-0.000907423 -0.000907423
-0.000905244 -0.000905244
-0.000934974 -0.000934974
-0.000932778 -0.000932778
-0.000936185 -0.000936185
-0.000931539 -0.000931539
-0.000944649 -0.000944649
-0.000918567 -0.000918567
-0.00092946 -0.00092946
-0.000937024 -0.000937024
-0.000936704 -0.000936704
-0.000948048 -0.000948048
-0.000901106 -0.000901106
-0.000894397 -0.000894397
-0.000924566 -0.000924566
-0.000950408 -0.000950408
-0.000932605 -0.000932605
-0.000919071 -0.000919071
-0.000876926 -0.000876926
-0.000889724 -0.000889724
-0.000930698 -0.000930698
-0.000916033 -0.000916033
-0.000938211 -0.000938211
-0.000902467 -0.000902467
-0.000916028 -0.000916028
-0.000944412 -0.000944412
-0.000915437 -0.000915437
-0.000943653 -0.000943653
-0.000926738 -0.000926738
-0.000955185 -0.000955185
-0.000927888 -0.000927888
-0.000934169 -0.000934169
-0.000965729 -0.000965729
-0.00092082 -0.00092082
-0.000924848 -0.000924848
-0.000917091 -0.000917091
-0.00095048 -0.00095048
-0.000928648 -0.000928648
-0.00092776 -0.00092776
-0.000955425 -0.000955425
-0.000926104 -0.000926104
-0.000943464 -0.000943464
-0.000934866 -0.000934866
-0.000942348 -0.000942348
-0.000914758 -0.000914758
-0.000937539 -0.000937539
-0.000939938 -0.000939938
-0.000923682 -0.000923682
-0.000908584 -0.000908584
-0.000924717 -0.000924717
-0.000964693 -0.000964693
-0.000939827 -0.000939827
-0.000928111 -0.000928111
-0.000933734 -0.000933734
-0.000918731 -0.000918731
-0.000898612 -0.000898612
-0.000916224 -0.000916224
-0.000907814 -0.000907814
-0.000902179 -0.000902179
-0.000929857 -0.000929857
-0.000924805 -0.000924805
-0.00094797 -0.00094797
-0.000954048 -0.000954048
-0.000893238 -0.000893238
-0.000944144 -0.000944144
-0.000912888 -0.000912888
-0.000950533 -0.000950533
-0.000950605 -0.000950605
-0.000919851 -0.000919851
-0.000946039 -0.000946039
-0.000945504 -0.000945504
-0.00095223 -0.00095223
-0.00094211 -0.00094211
-0.000946536 -0.000946536
-0.000902645 -0.000902645
-0.000934767 -0.000934767
-0.000960897 -0.000960897
-0.000949877 -0.000949877
-0.000923625 -0.000923625
-0.000939192 -0.000939192
-0.000927071 -0.000927071
-0.000924674 -0.000924674
-0.000904703 -0.000904703
-0.000946952 -0.000946952
-0.000947827 -0.000947827
-0.000956257 -0.000956257
-0.000946173 -0.000946173
-0.000923026 -0.000923026
-0.000965245 -0.000965245
-0.000899758 -0.000899758
-0.000928324 -0.000928324
-0.00093317 -0.00093317
-0.00090536 -0.00090536
-0.000946116 -0.000946116
-0.000942889 -0.000942889
-0.000932209 -0.000932209
-0.000925364 -0.000925364
-0.000920459 -0.000920459
-0.000893568 -0.000893568
-0.000966602 -0.000966602
-0.000926892 -0.000926892
-0.000934516 -0.000934516
-0.000920495 -0.000920495
-0.000926501 -0.000926501
-0.000914352 -0.000914352
-0.000874933 -0.000874933
-0.000920058 -0.000920058
-0.00091308 -0.00091308
-0.000937215 -0.000937215
-0.000901722 -0.000901722
-0.000971674 -0.000971674
-0.000925225 -0.000925225
-0.000912529 -0.000912529
-0.000937992 -0.000937992
-0.00091824 -0.00091824
-0.000913386 -0.000913386
-0.000897721 -0.000897721
-0.000918183 -0.000918183
-0.000902591 -0.000902591
-0.000938666 -0.000938666
-0.000919687 -0.000919687
-0.00092179 -0.00092179
-0.000908226 -0.000908226
-0.000926573 -0.000926573
-0.000903949 -0.000903949
-0.000935527 -0.000935527
-0.000922558 -0.000922558
-0.000936304 -0.000936304
-0.000930218 -0.000930218
-0.000886159 -0.000886159
-0.000934699 -0.000934699
-0.000913963 -0.000913963
-0.000909236 -0.000909236
-0.000931326 -0.000931326
-0.000907906 -0.000907906
-0.000925532 -0.000925532
-0.00091835 -0.00091835
-0.000918472 -0.000918472
-0.000942073 -0.000942073
-0.000934102 -0.000934102
-0.000952596 -0.000952596
-0.000922135 -0.000922135
-0.000915659 -0.000915659
-0.000928299 -0.000928299
-0.000945375 -0.000945375
-0.000929929 -0.000929929
-0.000911813 -0.000911813
-0.000931069 -0.000931069
-0.000911978 -0.000911978
-0.000965936 -0.000965936
-0.00092367 -0.00092367
-0.0009569 -0.0009569
-0.00093671 -0.00093671
-0.000930047 -0.000930047
-0.000967931 -0.000967931
-0.000941367 -0.000941367
-0.000936342 -0.000936342
-0.000929699 -0.000929699
-0.000903434 -0.000903434
-0.000919515 -0.000919515
-0.000956465 -0.000956465
-0.000918726 -0.000918726
-0.000908978 -0.000908978
-0.000939311 -0.000939311
-0.000907491 -0.000907491
-0.000910623 -0.000910623
-0.000903172 -0.000903172
-0.000925519 -0.000925519
-0.000925718 -0.000925718
-0.000950855 -0.000950855
-0.000881965 -0.000881965
-0.000936693 -0.000936693
-0.000923661 -0.000923661
-0.000924015 -0.000924015
-0.000909961 -0.000909961
-0.000932722 -0.000932722
-0.00091425 -0.00091425
-0.000932873 -0.000932873
-0.000945652 -0.000945652
-0.000937883 -0.000937883
-0.000918011 -0.000918011
-0.000943454 -0.000943454
-0.000910743 -0.000910743
-0.00091698 -0.00091698
-0.000933873 -0.000933873
-0.000940318 -0.000940318
-0.000924835 -0.000924835
-0.000922085 -0.000922085
-0.000942628 -0.000942628
-0.00090046 -0.00090046
-0.000948969 -0.000948969
-0.000948202 -0.000948202
-0.000957694 -0.000957694
-0.000943868 -0.000943868
-0.000934014 -0.000934014
-0.000937533 -0.000937533
-0.000909454 -0.000909454
-0.000957843 -0.000957843
-0.000894521 -0.000894521
-0.000937151 -0.000937151
-0.000917988 -0.000917988
-0.000905122 -0.000905122
-0.000935769 -0.000935769
-0.000939629 -0.000939629
-0.000916974 -0.000916974
-0.000949771 -0.000949771
-0.000946728 -0.000946728
-0.000904873 -0.000904873
-0.000907607 -0.000907607
-0.000927599 -0.000927599
-0.000962213 -0.000962213
-0.000907611 -0.000907611
-0.00095224 -0.00095224
-0.000943311 -0.000943311
-0.000945208 -0.000945208
-0.000922206 -0.000922206
-0.000948106 -0.000948106
-0.000918956 -0.000918956
-0.000902012 -0.000902012
-0.000914216 -0.000914216
-0.000934534 -0.000934534
-0.000899796 -0.000899796
-0.000938717 -0.000938717
-0.000924335 -0.000924335
-0.000946267 -0.000946267
-0.000915035 -0.000915035
-0.000928977 -0.000928977
-0.000956709 -0.000956709
-0.000918692 -0.000918692
-0.000921356 -0.000921356
-0.000914754 -0.000914754
-0.000912431 -0.000912431
-0.000926411 -0.000926411
-0.000904284 -0.000904284
-0.000926294 -0.000926294
-0.000933421 -0.000933421
-0.000919515 -0.000919515
-0.00093891 -0.00093891
-0.000922916 -0.000922916
-0.000945776 -0.000945776
-0.000904386 -0.000904386
-0.000917715 -0.000917715
-0.000914635 -0.000914635
-0.000914971 -0.000914971
-0.00094127 -0.00094127
-0.000934579 -0.000934579
-0.000915128 -0.000915128
-0.000935442 -0.000935442
-0.000916034 -0.000916034
-0.000938911 -0.000938911
-0.000937419 -0.000937419
-0.000910895 -0.000910895
-0.000913285 -0.000913285
-0.000940883 -0.000940883
-0.000916806 -0.000916806
-0.000922901 -0.000922901
-0.000943449 -0.000943449
-0.000888782 -0.000888782
-0.000933126 -0.000933126
-0.00093655 -0.00093655
-0.000935312 -0.000935312
-0.000939969 -0.000939969
-0.000907136 -0.000907136
-0.000928628 -0.000928628
-0.000926871 -0.000926871
-0.000925801 -0.000925801
-0.000910508 -0.000910508
-0.00089872 -0.00089872
-0.000922959 -0.000922959
-0.000915691 -0.000915691
-0.000927059 -0.000927059
-0.000921792 -0.000921792
-0.000905846 -0.000905846
-0.000901367 -0.000901367
-0.000935521 -0.000935521
-0.000944105 -0.000944105
-0.000942795 -0.000942795
-0.000911502 -0.000911502
-0.000940047 -0.000940047
-0.000903108 -0.000903108
-0.000902054 -0.000902054
-0.000934605 -0.000934605
-0.000913976 -0.000913976
-0.000951518 -0.000951518
-0.000953739 -0.000953739
-0.000896414 -0.000896414
-0.000917085 -0.000917085
-0.000938458 -0.000938458
-0.000936165 -0.000936165
-0.000908547 -0.000908547
-0.000893063 -0.000893063
-0.000942525 -0.000942525
-0.000945301 -0.000945301
-0.000951997 -0.000951997
-0.000902863 -0.000902863
-0.000938135 -0.000938135
-0.000930355 -0.000930355
-0.000915079 -0.000915079
-0.000947901 -0.000947901
-0.000909136 -0.000909136
-0.000920751 -0.000920751
-0.000933727 -0.000933727
-0.000904641 -0.000904641
-0.000888091 -0.000888091
-0.000910569 -0.000910569
-0.000930544 -0.000930544
-0.000964201 -0.000964201
-0.000912879 -0.000912879
-0.00093028 -0.00093028
-0.000906684 -0.000906684
-0.00095411 -0.00095411
-0.000942366 -0.000942366
-0.000929616 -0.000929616
-0.000934799 -0.000934799
-0.000916435 -0.000916435
-0.000941183 -0.000941183
-0.000944624 -0.000944624
-0.000917597 -0.000917597
-0.000913667 -0.000913667
-0.000917697 -0.000917697
-0.000937653 -0.000937653
-0.000924552 -0.000924552
-0.00091113 -0.00091113
-0.000966691 -0.000966691
-0.00089578 -0.00089578
-0.000923049 -0.000923049
-0.000899861 -0.000899861
-0.000915371 -0.000915371
-0.000957886 -0.000957886
-0.000925937 -0.000925937
-0.000942807 -0.000942807
-0.000943932 -0.000943932
-0.000922058 -0.000922058
-0.000919997 -0.000919997
-0.000955851 -0.000955851
-0.000909505 -0.000909505
-0.00090097 -0.00090097
-0.000912724 -0.000912724
-0.000913786 -0.000913786
-0.000929866 -0.000929866
-0.00093913 -0.00093913
-0.000910896 -0.000910896
-0.000952447 -0.000952447
-0.000906724 -0.000906724
-0.000935035 -0.000935035
-0.000945289 -0.000945289
-0.000934447 -0.000934447
-0.000938721 -0.000938721
-0.000962483 -0.000962483
-0.000911764 -0.000911764
-0.000933107 -0.000933107
-0.000927311 -0.000927311
-0.000944309 -0.000944309
-0.000906539 -0.000906539
-0.000930779 -0.000930779
-0.000871731 -0.000871731
-0.000914671 -0.000914671
-0.000919502 -0.000919502
-0.000894179 -0.000894179
-0.000919493 -0.000919493
-0.000940127 -0.000940127
-0.000910347 -0.000910347
-0.000948463 -0.000948463
-0.00094413 -0.00094413
-0.000927116 -0.000927116
-0.000881594 -0.000881594
-0.0009655 -0.0009655
-0.000918756 -0.000918756
-0.000918446 -0.000918446
-0.000895305 -0.000895305
-0.000911523 -0.000911523
-0.000913439 -0.000913439
-0.000951128 -0.000951128
-0.00090996 -0.00090996
-0.00094581 -0.00094581
-0.000964253 -0.000964253
-0.000981508 -0.000981508
-0.000919429 -0.000919429
-0.000957634 -0.000957634
-0.000942361 -0.000942361
-0.000904124 -0.000904124
-0.000932736 -0.000932736
