-9.56573e-007 -9.56568e-007
-4.69235e-007 -4.69225e-007
-1.73338e-006 -1.73339e-006
-1.83404e-006 -1.83404e-006
-1.61093e-006 -1.61094e-006
-1.59554e-006 -1.59554e-006
-5.97683e-007 -5.97691e-007
-1.83459e-006 -1.8346e-006
-2.222e-006 -2.22201e-006
-1.45164e-006 -1.45164e-006
-1.86168e-006 -1.86168e-006
-3.46762e-006 -3.46763e-006
-2.29149e-006 -2.2915e-006
-1.57686e-006 -1.57687e-006
-5.13866e-006 -5.13865e-006
-1.54573e-006 -1.54573e-006
-2.361e-006 -2.36099e-006
-1.94585e-006 -1.94584e-006
-1.85429e-006 -1.85429e-006
-1.87645e-006 -1.87645e-006
-1.49905e-006 -1.49905e-006
-1.49059e-006 -1.49058e-006
-1.60436e-006 -1.60435e-006
-1.22968e-006 -1.22968e-006
-1.34589e-006 -1.34589e-006
-1.00764e-006 -1.00764e-006
-7.47007e-007 -7.46994e-007
-1.41729e-006 -1.41728e-006
-9.7656e-007 -9.76552e-007
-9.7047e-007 -9.70477e-007
-2.26518e-006 -2.26517e-006
-1.2085e-006 -1.20851e-006
-1.66111e-006 -1.66111e-006
-1.39295e-006 -1.39295e-006
-1.14177e-009 -1.13687e-009
-0.998313 -0.998313
-1.41395e-006 -1.41394e-006
-1.44961e-006 -1.44961e-006
-1.07019e-006 -1.0702e-006
-1.34056e-006 -1.34056e-006
-8.8635e-007 -8.86349e-007
-1.08288e-006 -1.08288e-006
-9.37647e-007 -9.3765e-007
-1.89228e-006 -1.89226e-006
-1.8665e-006 -1.86651e-006
-1.36608e-006 -1.36609e-006
-2.07505e-006 -2.07505e-006
-1.89387e-006 -1.89386e-006
-1.71455e-006 -1.71456e-006
-1.31123e-006 -1.31124e-006
-1.2739e-006 -1.2739e-006
-1.89906e-006 -1.89905e-006
-1.21629e-006 -1.21629e-006
-1.44868e-006 -1.44869e-006
-5.882e-007 -5.88205e-007
-1.4278e-006 -1.4278e-006
-1.32643e-006 -1.32644e-006
-2.55519e-006 -2.5552e-006
-8.86533e-006 -8.86532e-006
-1.70633e-007 -1.70637e-007
-1.24391e-006 -1.24391e-006
-1.12756e-006 -1.12754e-006
-2.16748e-006 -2.16748e-006
-2.87667e-006 -2.87667e-006
-9.58804e-007 -9.58806e-007
-1.8513e-006 -1.8513e-006
-1.7208e-006 -1.72081e-006
-9.68493e-007 -9.68488e-007
-1.67389e-006 -1.6739e-006
-9.41752e-007 -9.41753e-007
-1.21092e-006 -1.21092e-006
-1.28442e-006 -1.28443e-006
-1.26122e-006 -1.26123e-006
-1.55797e-006 -1.55797e-006
-1.41447e-006 -1.41448e-006
-1.93163e-006 -1.93163e-006
-1.38105e-006 -1.38105e-006
-1.24792e-006 -1.24791e-006
-1.45655e-006 -1.45654e-006
-1.04497e-006 -1.04498e-006
-7.33383e-007 -7.33387e-007
-2.13871e-006 -2.1387e-006
-2.20209e-006 -2.20208e-006
-4.45564e-006 -4.45564e-006
-2.1154e-006 -2.11539e-006
-1.78212e-006 -1.78213e-006
-1.6553e-006 -1.6553e-006
-1.43554e-006 -1.43555e-006
-1.24223e-006 -1.24222e-006
-1.27912e-006 -1.27912e-006
-1.31916e-006 -1.31916e-006
-1.25899e-006 -1.25899e-006
-1.35557e-006 -1.35557e-006
-1.39252e-006 -1.39252e-006
-1.81279e-006 -1.81279e-006
-1.92029e-006 -1.9203e-006
-1.07967e-006 -1.07969e-006
-1.45359e-006 -1.45359e-006
-1.32069e-006 -1.32069e-006
-1.00581e-006 -1.00581e-006
-1.39528e-006 -1.39528e-006
-1.21779e-006 -1.21778e-006
-2.09772e-006 -2.09772e-006
-1.45164e-006 -1.45164e-006
-1.8827e-006 -1.88271e-006
-2.77586e-006 -2.77586e-006
-3.63414e-006 -3.63414e-006
-5.89568e-007 -5.89573e-007
-2.95178e-006 -2.95177e-006
-8.12384e-005 -8.12384e-005
-7.22662e-006 -7.22661e-006
-7.0329e-006 -7.0329e-006
-1.7766e-006 -1.77659e-006
-2.55427e-006 -2.55428e-006
-1.29608e-006 -1.29608e-006
-1.01585e-006 -1.01585e-006
-1.63062e-006 -1.63062e-006
-1.79457e-006 -1.79456e-006
-1.2879e-006 -1.28789e-006
-1.52862e-006 -1.52863e-006
-9.81402e-007 -9.81402e-007
-1.15327e-006 -1.15326e-006
-1.48662e-006 -1.48663e-006
-9.31885e-007 -9.31877e-007
-1.65936e-006 -1.65937e-006
-1.02506e-006 -1.02505e-006
-1.52777e-006 -1.52777e-006
-2.45466e-006 -2.45466e-006
-1.46347e-006 -1.46347e-006
-1.22828e-006 -1.22828e-006
-1.19421e-006 -1.19421e-006
-1.09803e-006 -1.09802e-006
-1.05493e-006 -1.05493e-006
-1.17533e-006 -1.17533e-006
-7.87793e-007 -7.87779e-007
-1.31353e-006 -1.31353e-006
-8.08794e-007 -8.08793e-007
-1.18153e-006 -1.18153e-006
-8.19627e-007 -8.19629e-007
-8.94238e-007 -8.94236e-007
-2.04991e-006 -2.04992e-006
-1.17074e-006 -1.17074e-006
-2.13914e-006 -2.13914e-006
-1.34559e-006 -1.34559e-006
-8.82202e-007 -8.8221e-007
-1.28731e-006 -1.28731e-006
-1.01281e-006 -1.01281e-006
-1.54939e-006 -1.54939e-006
-1.57768e-006 -1.57767e-006
-1.75996e-006 -1.75996e-006
-1.6868e-006 -1.68679e-006
-1.01701e-006 -1.01702e-006
-1.57989e-006 -1.57989e-006
-1.72394e-006 -1.72394e-006
-1.30782e-006 -1.30782e-006
-1.81711e-006 -1.81712e-006
-2.01198e-006 -2.01197e-006
-9.93278e-007 -9.93285e-007
-1.84282e-006 -1.84281e-006
-9.9704e-007 -9.97034e-007
-1.19816e-006 -1.19817e-006
-1.86635e-006 -1.86636e-006
-1.31005e-006 -1.31005e-006
-1.45371e-006 -1.4537e-006
-2.17917e-006 -2.17916e-006
-1.00741e-006 -1.00741e-006
-1.22075e-006 -1.22075e-006
-1.22579e-006 -1.22579e-006
-1.21222e-006 -1.21222e-006
-8.96576e-007 -8.96581e-007
-1.02488e-006 -1.02487e-006
-1.33728e-006 -1.33728e-006
-8.43817e-007 -8.43805e-007
-1.20232e-006 -1.20233e-006
-1.21019e-006 -1.21018e-006
-1.06921e-006 -1.06921e-006
-1.79758e-006 -1.79758e-006
-1.12868e-006 -1.12868e-006
-1.08553e-006 -1.08555e-006
-1.50319e-006 -1.50319e-006
-1.53957e-006 -1.53957e-006
-1.62352e-006 -1.62352e-006
-1.32048e-006 -1.32047e-006
-7.82512e-007 -7.82521e-007
-9.82179e-007 -9.82183e-007
-1.25484e-006 -1.25484e-006
-1.72448e-006 -1.72447e-006
-1.84199e-006 -1.84199e-006
-1.86704e-006 -1.86704e-006
-1.16439e-006 -1.16438e-006
-1.13209e-006 -1.13209e-006
-1.08865e-006 -1.08864e-006
-1.39755e-006 -1.39757e-006
-2.54162e-006 -2.54163e-006
-1.02083e-006 -1.02082e-006
-1.16145e-006 -1.16145e-006
-1.74379e-006 -1.7438e-006
-1.68436e-006 -1.68436e-006
-1.62103e-006 -1.62103e-006
-1.08844e-006 -1.08843e-006
-2.97103e-006 -2.97103e-006
-1.76971e-006 -1.76971e-006
-1.15603e-006 -1.15604e-006
-1.67096e-006 -1.67097e-006
-1.53839e-006 -1.5384e-006
-1.30444e-006 -1.30445e-006
-1.24754e-006 -1.24754e-006
-1.7922e-006 -1.79218e-006
-1.11074e-006 -1.11074e-006
-9.97274e-007 -9.97264e-007
-1.49689e-006 -1.4969e-006
-1.56346e-006 -1.56346e-006
-1.08243e-006 -1.08242e-006
-1.15643e-006 -1.15643e-006
-1.08963e-006 -1.08964e-006
-1.15609e-006 -1.15609e-006
-1.77472e-006 -1.7747e-006
-1.20138e-006 -1.20137e-006
-1.42896e-006 -1.42897e-006
-1.78627e-006 -1.78629e-006
-1.21979e-006 -1.21979e-006
-1.14683e-006 -1.14683e-006
-2.2441e-006 -2.24411e-006
-1.03303e-006 -1.03302e-006
-1.51683e-006 -1.51683e-006
-1.25294e-006 -1.25295e-006
-6.94058e-007 -6.94058e-007
-1.14283e-006 -1.14282e-006
-1.31221e-007 -1.31219e-007
-2.09451e-006 -2.0945e-006
-1.42164e-006 -1.42164e-006
-1.12683e-006 -1.12683e-006
-1.36764e-006 -1.36765e-006
-1.06802e-006 -1.06803e-006
-1.26454e-006 -1.26454e-006
-1.59272e-006 -1.59272e-006
-1.49809e-006 -1.49809e-006
-1.35818e-006 -1.35818e-006
-1.89112e-006 -1.89113e-006
-9.85028e-007 -9.85025e-007
-1.2643e-006 -1.2643e-006
-1.66857e-006 -1.66857e-006
-1.18711e-006 -1.18712e-006
-1.9864e-006 -1.98641e-006
-1.44581e-006 -1.44581e-006
-9.05785e-007 -9.05782e-007
-1.72119e-006 -1.7212e-006
-1.38545e-006 -1.38545e-006
-1.72789e-006 -1.72788e-006
-1.35405e-006 -1.35405e-006
-1.38676e-006 -1.38677e-006
-7.78422e-006 -7.78423e-006
-6.02338e-006 -6.02338e-006
-2.88144e-006 -2.88143e-006
0.999995 0.999995
-2.19017e-006 -2.19018e-006
-1.48043e-006 -1.48045e-006
-1.11295e-006 -1.11294e-006
-1.32322e-006 -1.32323e-006
-1.80888e-006 -1.80888e-006
-1.42682e-006 -1.42682e-006
-1.29468e-006 -1.29468e-006
-9.18655e-007 -9.18661e-007
-7.16013e-007 -7.16014e-007
-1.12549e-006 -1.12548e-006
-9.09007e-007 -9.09015e-007
-2.29253e-006 -2.29253e-006
-9.18643e-007 -9.18643e-007
-1.44607e-006 -1.44606e-006
-1.14587e-006 -1.14587e-006
-1.29792e-006 -1.29793e-006
-1.4799e-006 -1.47988e-006
-1.18893e-006 -1.18893e-006
-1.37887e-006 -1.37888e-006
-9.59289e-007 -9.59286e-007
-5.52858e-007 -5.52856e-007
-1.10843e-006 -1.10843e-006
-1.67459e-006 -1.67459e-006
-1.1414e-006 -1.1414e-006
-1.82579e-006 -1.82579e-006
-1.62224e-006 -1.62224e-006
-3.01924e-006 -3.01924e-006
-1.82275e-006 -1.82274e-006
-9.39553e-007 -9.39551e-007
-9.7389e-007 -9.73888e-007
-1.1583e-006 -1.15831e-006
-1.05463e-006 -1.05464e-006
-1.14557e-006 -1.14555e-006
-1.15776e-006 -1.15776e-006
-1.69317e-006 -1.69317e-006
-1.20051e-006 -1.20052e-006
-1.5499e-006 -1.54991e-006
-1.18544e-006 -1.18545e-006
-6.01962e-007 -6.01972e-007
-1.23419e-006 -1.23419e-006
-1.52101e-006 -1.52101e-006
-2.15098e-006 -2.15099e-006
-3.16112e-006 -3.16112e-006
-2.08611e-006 -2.08612e-006
-1.98847e-006 -1.98847e-006
-8.47423e-006 -8.47422e-006
-1.0954e-006 -1.09539e-006
-1.94259e-006 -1.94259e-006
-9.88531e-007 -9.88525e-007
-1.2739e-006 -1.2739e-006
-3.01011e-006 -3.01011e-006
-2.52188e-006 -2.52188e-006
-1.63665e-006 -1.63665e-006
-1.3016e-006 -1.30161e-006
-1.84044e-006 -1.84043e-006
-8.83915e-007 -8.83915e-007
-9.65502e-007 -9.65503e-007
-1.6592e-006 -1.65921e-006
-1.61288e-006 -1.61288e-006
-2.06237e-006 -2.06237e-006
-1.19646e-006 -1.19647e-006
-1.25177e-006 -1.25176e-006
-7.21474e-007 -7.21485e-007
-1.65138e-006 -1.65137e-006
-1.02956e-006 -1.02956e-006
-1.20528e-006 -1.20528e-006
-1.68925e-006 -1.68924e-006
-1.98556e-006 -1.98556e-006
-1.41495e-006 -1.41496e-006
-3.20405e-006 -3.20405e-006
-4.05511e-007 -4.05525e-007
-2.07693e-006 -2.07692e-006
-1.67582e-006 -1.67582e-006
-1.54758e-006 -1.54758e-006
-1.3152e-006 -1.3152e-006
-2.45312e-006 -2.45311e-006
-2.49411e-006 -2.49411e-006
-1.65638e-006 -1.65638e-006
-1.46936e-006 -1.46937e-006
-1.13335e-006 -1.13337e-006
-1.40547e-006 -1.40547e-006
-1.05375e-006 -1.05375e-006
-1.68942e-006 -1.6894e-006
-1.93049e-006 -1.93049e-006
-1.41287e-006 -1.41288e-006
-1.42884e-006 -1.42883e-006
-1.68102e-006 -1.68102e-006
-1.23765e-006 -1.23764e-006
-1.36605e-006 -1.36605e-006
-1.34383e-006 -1.34383e-006
-1.07644e-006 -1.07645e-006
-2.0397e-006 -2.0397e-006
-1.15843e-006 -1.15842e-006
-1.04917e-006 -1.04917e-006
-2.02034e-006 -2.02034e-006
-9.401e-007 -9.40101e-007
-1.03682e-006 -1.03682e-006
-1.21796e-006 -1.21796e-006
-1.43974e-006 -1.43974e-006
-9.52682e-007 -9.52678e-007
-1.28361e-006 -1.28361e-006
-1.33076e-006 -1.33076e-006
-1.55434e-006 -1.55435e-006
-1.30103e-006 -1.30102e-006
-1.17262e-006 -1.17263e-006
-1.41444e-006 -1.41444e-006
-1.33176e-006 -1.33177e-006
-1.7241e-006 -1.7241e-006
-1.18495e-006 -1.18495e-006
-9.69513e-007 -9.69518e-007
-2.2565e-006 -2.25651e-006
-1.21426e-006 -1.21426e-006
-1.05378e-006 -1.05379e-006
-1.26427e-006 -1.26427e-006
-1.5069e-006 -1.5069e-006
-1.23553e-006 -1.23553e-006
-1.91467e-006 -1.91468e-006
-2.0424e-006 -2.0424e-006
-1.59916e-006 -1.59917e-006
-4.5742e-006 -4.57421e-006
-1.42997e-006 -1.42997e-006
-2.8531e-006 -2.8531e-006
-2.39545e-006 -2.39545e-006
-3.03171e-006 -3.03171e-006
-1.92522e-006 -1.92522e-006
-1.48036e-006 -1.48038e-006
-1.06808e-006 -1.06807e-006
-9.36997e-007 -9.36993e-007
-1.1484e-006 -1.1484e-006
-1.60672e-006 -1.60671e-006
-8.73278e-007 -8.73275e-007
-1.65014e-006 -1.65015e-006
-1.2917e-006 -1.2917e-006
-1.24707e-006 -1.24707e-006
-1.06731e-006 -1.06732e-006
-1.20763e-006 -1.20764e-006
-2.24469e-006 -2.24468e-006
-1.02049e-006 -1.0205e-006
-1.29388e-006 -1.29388e-006
-1.41426e-006 -1.41426e-006
-3.07203e-006 -3.07203e-006
-1.19123e-006 -1.19122e-006
-1.96094e-006 -1.96094e-006
-2.18433e-006 -2.18433e-006
-2.15806e-006 -2.15806e-006
-2.08785e-006 -2.08786e-006
-1.54077e-006 -1.54078e-006
-1.27149e-006 -1.2715e-006
-1.44743e-006 -1.44745e-006
-1.81689e-006 -1.81688e-006
-1.76873e-006 -1.76874e-006
-9.47293e-007 -9.47296e-007
-1.24326e-006 -1.24325e-006
-1.92252e-006 -1.92252e-006
-2.14527e-006 -2.14527e-006
-9.13569e-007 -9.13563e-007
-1.80544e-006 -1.80544e-006
-1.1806e-006 -1.18058e-006
-9.35666e-007 -9.3566e-007
-2.21064e-006 -2.21064e-006
-1.16542e-006 -1.16541e-006
-1.64016e-006 -1.64016e-006
-2.33346e-006 -2.33346e-006
-1.78723e-006 -1.78725e-006
-1.16297e-006 -1.16296e-006
-6.00751e-007 -6.00746e-007
-1.23256e-006 -1.23256e-006
-1.32244e-006 -1.32244e-006
-1.71214e-006 -1.71214e-006
-1.53355e-006 -1.53356e-006
-6.44645e-007 -6.4464e-007
-1.46806e-006 -1.46805e-006
-1.73638e-006 -1.73637e-006
-1.30202e-006 -1.30202e-006
-1.2547e-006 -1.25469e-006
-1.19082e-006 -1.19082e-006
-1.38124e-006 -1.38124e-006
-1.0445e-006 -1.04452e-006
-1.20573e-006 -1.20574e-006
-1.21613e-006 -1.21613e-006
-9.45332e-007 -9.45324e-007
-1.37443e-006 -1.37444e-006
-1.6961e-006 -1.6961e-006
-1.51146e-006 -1.51147e-006
-1.15647e-006 -1.15646e-006
-1.74457e-006 -1.74458e-006
-1.32525e-006 -1.32525e-006
-1.00868e-006 -1.00867e-006
-1.13108e-006 -1.13108e-006
-2.27272e-006 -2.27272e-006
-9.86797e-007 -9.86802e-007
-1.19629e-006 -1.19629e-006
-1.18112e-006 -1.18112e-006
-1.25177e-006 -1.25178e-006
-2.08105e-006 -2.08106e-006
-1.68003e-006 -1.68003e-006
-2.40136e-006 -2.40135e-006
-2.79496e-006 -2.79496e-006
-1.01504e-006 -1.01503e-006
-1.12964e-006 -1.12964e-006
-9.67893e-007 -9.67884e-007
-1.41833e-006 -1.41831e-006
-1.61366e-006 -1.61366e-006
-1.77105e-006 -1.77105e-006
-1.32429e-006 -1.32429e-006
-1.2483e-006 -1.2483e-006
-1.16969e-006 -1.16968e-006
-2.13738e-006 -2.13738e-006
-9.9573e-007 -9.95737e-007
-1.28038e-006 -1.28038e-006
-1.32474e-006 -1.32474e-006
-1.06548e-006 -1.06548e-006
-1.08008e-006 -1.08008e-006
-9.75036e-007 -9.75025e-007
-2.395e-006 -2.39501e-006
-2.14102e-006 -2.14101e-006
-1.79646e-006 -1.79645e-006
-2.26759e-006 -2.26759e-006
-9.02467e-007 -9.0246e-007
-1.66669e-006 -1.66668e-006
-1.05185e-006 -1.05183e-006
-1.14121e-006 -1.14122e-006
-1.1425e-006 -1.1425e-006
-1.44771e-006 -1.4477e-006
-2.12609e-006 -2.12609e-006
-1.53789e-006 -1.5379e-006
-1.73013e-006 -1.73014e-006
-1.25086e-006 -1.25086e-006
-1.02934e-006 -1.02935e-006
-1.12127e-006 -1.12129e-006
-1.28706e-006 -1.28706e-006
-1.17984e-006 -1.17984e-006
-1.40226e-006 -1.40226e-006
-2.27572e-006 -2.27573e-006
-1.34787e-006 -1.34786e-006
-1.40314e-006 -1.40314e-006
-1.55664e-006 -1.55664e-006
-9.51421e-007 -9.51417e-007
-2.15357e-006 -2.15358e-006
-1.2605e-006 -1.2605e-006
-9.58174e-007 -9.58167e-007
-1.18997e-006 -1.18996e-006
-1.39409e-006 -1.39408e-006
-1.28359e-006 -1.2836e-006
-1.20162e-006 -1.20162e-006
-1.68006e-006 -1.68006e-006
-1.94022e-006 -1.94023e-006
-1.42764e-006 -1.42766e-006
-1.56068e-006 -1.56067e-006
-1.73912e-006 -1.73911e-006
-7.04065e-007 -7.04077e-007
-1.41875e-006 -1.41874e-006
-1.14774e-006 -1.14772e-006
-1.91415e-006 -1.91415e-006
-1.75677e-006 -1.75676e-006
-1.301e-006 -1.301e-006
-9.97996e-007 -9.97993e-007
-1.26951e-006 -1.26951e-006
-1.42068e-006 -1.42069e-006
-2.3073e-006 -2.30731e-006
-2.45757e-006 -2.45757e-006
-1.51171e-006 -1.51172e-006
-1.21314e-006 -1.21313e-006
-1.16627e-006 -1.16627e-006
-9.05013e-007 -9.05018e-007
-1.07977e-006 -1.07976e-006
-1.57285e-006 -1.57286e-006
-1.30019e-006 -1.30019e-006
-1.00195e-006 -1.00195e-006
-9.73353e-007 -9.73355e-007
-1.25429e-006 -1.25429e-006
-1.16741e-006 -1.1674e-006
-1.24302e-006 -1.24302e-006
-1.48012e-006 -1.48013e-006
-1.32469e-006 -1.32468e-006
-1.27119e-006 -1.2712e-006
-1.83845e-006 -1.83844e-006
-1.60993e-006 -1.60993e-006
-1.36699e-006 -1.36698e-006
-1.61502e-006 -1.61503e-006
-1.26528e-006 -1.26528e-006
-1.62075e-006 -1.62075e-006
-3.74926e-007 -3.74936e-007
-1.03945e-006 -1.03944e-006
-1.34091e-006 -1.3409e-006
-3.21137e-006 -3.21135e-006
-2.10136e-006 -2.10136e-006
-2.03646e-006 -2.03645e-006
-1.47062e-006 -1.47061e-006
-1.01189e-006 -1.0119e-006
-9.9469e-007 -9.94689e-007
-7.46088e-007 -7.46088e-007
-2.0629e-006 -2.0629e-006
-8.83861e-007 -8.83862e-007
-2.11622e-006 -2.11621e-006
-1.98566e-006 -1.98566e-006
-1.02917e-006 -1.02917e-006
-1.35668e-006 -1.35667e-006
-2.14062e-006 -2.14062e-006
-1.01944e-006 -1.01943e-006
-1.49365e-006 -1.49365e-006
-8.97188e-007 -8.97185e-007
-1.85018e-006 -1.85018e-006
-8.69095e-007 -8.691e-007
-9.73697e-007 -9.73692e-007
-1.13306e-006 -1.13305e-006
-1.50767e-006 -1.50767e-006
-9.92447e-007 -9.92451e-007
-1.51931e-006 -1.51932e-006
-5.47364e-006 -5.47365e-006
-1.29641e-006 -1.29642e-006
-1.2023e-006 -1.20229e-006
-1.23578e-006 -1.23578e-006
-9.61256e-007 -9.61258e-007
-9.1272e-007 -9.12728e-007
-1.01068e-006 -1.01069e-006
-1.40605e-006 -1.40606e-006
-2.25788e-006 -2.25789e-006
-2.05877e-006 -2.05876e-006
-1.74357e-006 -1.74358e-006
-1.65504e-006 -1.65503e-006
-1.78746e-006 -1.78746e-006
-1.31558e-006 -1.31559e-006
-1.00588e-006 -1.00588e-006
-8.66032e-007 -8.66027e-007
-9.12853e-007 -9.12852e-007
-1.09278e-006 -1.0928e-006
-2.42318e-006 -2.42318e-006
-1.65349e-006 -1.65349e-006
-1.7152e-006 -1.7152e-006
-1.21562e-006 -1.21561e-006
-1.93953e-007 -1.9396e-007
-7.89765e-009 -7.88702e-009
-2.01017e-006 -2.01016e-006
-1.81705e-006 -1.81705e-006
-2.18631e-006 -2.1863e-006
-1.22289e-006 -1.2229e-006
-1.11884e-006 -1.11884e-006
-1.42169e-006 -1.42169e-006
-1.62647e-006 -1.62647e-006
-1.05922e-006 -1.05922e-006
-1.04651e-006 -1.04651e-006
-1.20326e-006 -1.20325e-006
-1.94252e-006 -1.94252e-006
-1.03937e-006 -1.03936e-006
-1.77226e-006 -1.77225e-006
-1.48509e-006 -1.48511e-006
-1.28717e-006 -1.28718e-006
-1.09147e-006 -1.09148e-006
-1.2115e-006 -1.21149e-006
-1.06581e-006 -1.0658e-006
-1.5672e-006 -1.56721e-006
-1.29477e-006 -1.29477e-006
-1.04258e-006 -1.0426e-006
-8.43905e-007 -8.43912e-007
-1.61749e-006 -1.6175e-006
-1.38452e-006 -1.38453e-006
-1.89547e-006 -1.89546e-006
-1.95708e-006 -1.95708e-006
-2.64971e-006 -2.6497e-006
-9.33435e-007 -9.3344e-007
-1.46994e-006 -1.46994e-006
-1.21582e-006 -1.21583e-006
-1.09332e-006 -1.09333e-006
-1.08006e-006 -1.08004e-006
-1.5892e-006 -1.5892e-006
-8.89283e-007 -8.8928e-007
-2.47253e-006 -2.47253e-006
-1.4199e-006 -1.41991e-006
-1.027e-006 -1.027e-006
-1.56538e-006 -1.56538e-006
-2.07423e-006 -2.07423e-006
-1.40715e-006 -1.40716e-006
-7.46935e-007 -7.46923e-007
-1.16228e-006 -1.16229e-006
-2.51207e-006 -2.51207e-006
-1.69867e-006 -1.69868e-006
-2.74723e-006 -2.74724e-006
-8.21804e-007 -8.21814e-007
-9.34893e-007 -9.34897e-007
-1.55901e-006 -1.559e-006
-2.57065e-006 -2.57065e-006
-2.1599e-006 -2.15991e-006
-1.23241e-006 -1.2324e-006
-1.33529e-006 -1.33529e-006
-1.89526e-006 -1.89525e-006
-1.30708e-006 -1.30708e-006
-1.19286e-006 -1.19286e-006
-1.43844e-006 -1.43842e-006
-1.86663e-006 -1.86663e-006
-1.7683e-006 -1.76831e-006
-1.21036e-006 -1.21036e-006
-1.58496e-006 -1.58495e-006
-1.30246e-006 -1.30246e-006
-1.26868e-006 -1.26869e-006
-1.18798e-006 -1.18797e-006
-9.69704e-007 -9.69695e-007
-9.92505e-007 -9.92504e-007
-1.04857e-006 -1.04857e-006
-1.55102e-006 -1.55103e-006
-9.63989e-007 -9.63993e-007
-1.04619e-006 -1.04619e-006
-1.58257e-006 -1.58257e-006
-1.04512e-006 -1.04512e-006
-1.10819e-006 -1.10818e-006
-1.4345e-006 -1.43451e-006
-1.58793e-006 -1.58794e-006
-1.26061e-006 -1.26061e-006
-1.48641e-006 -1.48642e-006
-2.32469e-006 -2.32468e-006
-1.21545e-006 -1.21544e-006
-1.42071e-006 -1.42069e-006
-1.51936e-006 -1.51935e-006
-1.71141e-006 -1.71141e-006
-1.63437e-006 -1.63437e-006
-1.57124e-006 -1.57124e-006
-1.18404e-006 -1.18405e-006
-1.29584e-006 -1.29583e-006
-1.75945e-006 -1.75946e-006
-1.04793e-006 -1.04793e-006
-1.22396e-006 -1.22396e-006
-1.15333e-006 -1.15334e-006
-1.20224e-006 -1.20224e-006
-1.85877e-006 -1.85876e-006
-1.22405e-006 -1.22405e-006
-1.10599e-006 -1.10598e-006
-8.60777e-007 -8.60787e-007
-2.00019e-006 -2.0002e-006
-1.19043e-006 -1.19043e-006
-1.88641e-006 -1.8864e-006
-1.16707e-006 -1.16708e-006
-1.25567e-006 -1.25567e-006
-1.84041e-006 -1.84039e-006
-1.98204e-006 -1.98204e-006
-1.82841e-006 -1.82842e-006
-1.61418e-006 -1.61418e-006
-7.81368e-007 -7.81384e-007
-1.3901e-006 -1.39011e-006
-1.57644e-006 -1.57645e-006
-1.43848e-006 -1.43849e-006
-9.18466e-007 -9.18465e-007
-1.2644e-006 -1.26441e-006
-1.08772e-006 -1.08772e-006
-8.9671e-007 -8.96705e-007
-1.48201e-006 -1.48201e-006
-1.60156e-006 -1.60156e-006
-1.46996e-006 -1.46997e-006
-1.64396e-006 -1.64396e-006
-1.3237e-006 -1.32371e-006
-1.56347e-006 -1.56346e-006
-1.04295e-006 -1.04295e-006
-9.90307e-007 -9.90301e-007
-2.71569e-006 -2.71569e-006
-1.38799e-006 -1.38799e-006
-1.71874e-006 -1.71875e-006
-9.75347e-007 -9.75344e-007
-1.34138e-006 -1.34138e-006
-1.1436e-006 -1.1436e-006
-1.22933e-006 -1.22933e-006
-1.05263e-006 -1.05262e-006
-1.26631e-006 -1.26631e-006
-1.41545e-006 -1.41544e-006
-7.50886e-007 -7.50902e-007
-1.65022e-006 -1.65022e-006
-1.46636e-006 -1.46635e-006
-1.17767e-006 -1.17767e-006
-1.17909e-006 -1.17909e-006
-1.59033e-006 -1.59034e-006
-1.28432e-006 -1.28432e-006
-2.15449e-006 -2.15449e-006
-1.9874e-006 -1.98741e-006
-1.84067e-006 -1.84068e-006
-1.29858e-006 -1.29857e-006
-1.05366e-006 -1.05365e-006
-1.49186e-006 -1.49186e-006
-1.13269e-006 -1.13269e-006
-1.64735e-006 -1.64734e-006
-2.22915e-006 -2.22915e-006
-1.16321e-006 -1.16321e-006
-1.79909e-006 -1.79908e-006
-1.70487e-006 -1.70486e-006
-1.09811e-006 -1.09813e-006
-1.74308e-006 -1.74309e-006
-2.93938e-006 -2.93937e-006
-1.49658e-006 -1.49658e-006
-2.77902e-006 -2.77902e-006
-1.08465e-006 -1.08466e-006
-1.96635e-006 -1.96636e-006
-1.24593e-006 -1.24594e-006
-2.08923e-006 -2.08923e-006
-1.4242e-006 -1.42421e-006
-1.26684e-006 -1.26684e-006
-1.19762e-006 -1.19762e-006
-1.26042e-006 -1.26041e-006
-1.94053e-006 -1.94055e-006
-1.3177e-006 -1.3177e-006
-1.5745e-006 -1.57449e-006
-1.50123e-006 -1.50123e-006
-9.98399e-007 -9.98401e-007
-1.49276e-006 -1.49274e-006
-7.70426e-007 -7.70441e-007
-1.5099e-006 -1.5099e-006
-1.64744e-006 -1.64745e-006
-1.20721e-006 -1.20721e-006
-2.27232e-006 -2.27232e-006
-1.84803e-006 -1.84803e-006
-1.1505e-006 -1.15049e-006
-1.64367e-006 -1.64366e-006
-7.74782e-007 -7.74776e-007
-1.12269e-006 -1.12269e-006
-1.10061e-006 -1.10061e-006
-1.63298e-006 -1.63297e-006
-2.25957e-006 -2.25956e-006
-1.80629e-006 -1.80629e-006
-2.05398e-006 -2.05397e-006
-1.23936e-006 -1.23936e-006
-1.78729e-006 -1.78728e-006
-1.20622e-006 -1.20622e-006
-1.96101e-006 -1.96101e-006
-1.33737e-006 -1.33738e-006
-1.13962e-006 -1.13962e-006
-1.19739e-006 -1.19739e-006
-1.65762e-006 -1.65761e-006
-1.60515e-006 -1.60515e-006
-1.24755e-006 -1.24755e-006
-1.15508e-006 -1.15508e-006
-1.75494e-006 -1.75495e-006
-2.06487e-006 -2.06487e-006
-2.00882e-006 -2.00881e-006
-2.03042e-006 -2.03041e-006
-1.48999e-006 -1.48997e-006
-1.66962e-006 -1.66962e-006
-1.18656e-006 -1.18655e-006
-1.38887e-006 -1.38886e-006
-1.5499e-006 -1.54991e-006
-1.08974e-006 -1.08974e-006
-1.47792e-006 -1.47793e-006
-1.96962e-006 -1.96962e-006
-2.36064e-006 -2.36064e-006
-1.37562e-006 -1.37563e-006
-1.32959e-006 -1.32959e-006
-8.94411e-007 -8.94413e-007
-1.49182e-006 -1.49182e-006
-1.37803e-006 -1.37803e-006
-1.36534e-006 -1.36534e-006
-1.289e-006 -1.289e-006
-1.09168e-006 -1.0917e-006
-1.39882e-006 -1.39881e-006
-9.71498e-007 -9.71507e-007
-1.10009e-006 -1.10008e-006
-1.35329e-006 -1.3533e-006
-1.77925e-006 -1.77925e-006
-9.77001e-007 -9.76996e-007
-2.28203e-006 -2.28203e-006
-1.06619e-006 -1.06619e-006
-1.10267e-006 -1.10267e-006
-1.4963e-006 -1.4963e-006
-7.83656e-007 -7.83658e-007
-8.48892e-007 -8.48885e-007
-1.16342e-006 -1.16342e-006
-1.44627e-006 -1.44627e-006
-1.15405e-006 -1.15405e-006
-2.14783e-006 -2.14783e-006
-1.44134e-006 -1.44134e-006
-1.47356e-006 -1.47356e-006
-1.95271e-006 -1.95271e-006
-1.09807e-006 -1.09805e-006
-1.07593e-006 -1.07592e-006
-7.49567e-007 -7.49552e-007
-1.44326e-006 -1.44325e-006
-1.28105e-006 -1.28104e-006
-1.7938e-006 -1.79378e-006
-7.0364e-007 -7.0365e-007
-1.14266e-006 -1.14264e-006
-1.43483e-006 -1.43483e-006
-1.15978e-006 -1.15977e-006
-1.05058e-006 -1.05059e-006
-1.2234e-006 -1.22339e-006
-1.58782e-006 -1.58781e-006
-1.01375e-006 -1.01375e-006
-9.50711e-007 -9.50706e-007
-1.306e-006 -1.30601e-006
-1.50489e-006 -1.50489e-006
-1.6305e-006 -1.6305e-006
-1.38529e-006 -1.38531e-006
-1.50271e-006 -1.50271e-006
-1.0044e-006 -1.00441e-006
-1.12127e-006 -1.12125e-006
-1.64253e-006 -1.64253e-006
-2.10479e-006 -2.10481e-006
-1.20645e-006 -1.20645e-006
-1.53771e-006 -1.53772e-006
-1.67592e-006 -1.67592e-006
-1.1467e-006 -1.14669e-006
-1.88353e-006 -1.88352e-006
-8.72833e-007 -8.72831e-007
-2.24162e-007 -2.24158e-007
-1.68312e-006 -1.68312e-006
-1.2066e-006 -1.20659e-006
-1.64775e-006 -1.64775e-006
-1.52481e-006 -1.52482e-006
-1.40407e-006 -1.40407e-006
-1.25099e-006 -1.25098e-006
-1.51788e-006 -1.51788e-006
-1.8344e-006 -1.83439e-006
-1.11857e-006 -1.11855e-006
-1.16653e-006 -1.16652e-006
-1.44756e-006 -1.44755e-006
-1.73247e-006 -1.73246e-006
-1.6079e-006 -1.60789e-006
-1.91974e-006 -1.91974e-006
-1.45029e-006 -1.45029e-006
-1.85483e-006 -1.85482e-006
-9.16243e-007 -9.16245e-007
-1.5872e-006 -1.58721e-006
-9.66973e-007 -9.66978e-007
-1.14191e-006 -1.14191e-006
-1.16686e-006 -1.16687e-006
-1.2651e-006 -1.2651e-006
-1.6456e-006 -1.6456e-006
-1.1774e-006 -1.17739e-006
-1.29749e-006 -1.29749e-006
-1.20027e-006 -1.20027e-006
-2.18727e-006 -2.18726e-006
-2.28944e-006 -2.28944e-006
-1.34712e-006 -1.34712e-006
-8.66432e-007 -8.66436e-007
-1.77671e-006 -1.77671e-006
-1.88566e-006 -1.88566e-006
-1.03075e-006 -1.03075e-006
-1.61894e-006 -1.61894e-006
-1.49441e-006 -1.49441e-006
-1.08413e-006 -1.08413e-006
-1.42882e-006 -1.42883e-006
-1.50727e-006 -1.50727e-006
-2.4344e-006 -2.43441e-006
-2.49212e-006 -2.4921e-006
-1.34631e-006 -1.3463e-006
-1.15406e-006 -1.15405e-006
-1.17186e-006 -1.17184e-006
-1.70509e-006 -1.70509e-006
-1.72252e-006 -1.72252e-006
-2.48437e-006 -2.48436e-006
-1.59255e-006 -1.59256e-006
-1.0383e-006 -1.0383e-006
-3.16561e-006 -3.16561e-006
-9.9008e-007 -9.90088e-007
-1.26661e-006 -1.26661e-006
-2.67943e-006 -2.67942e-006
-1.74124e-006 -1.74124e-006
-1.19317e-006 -1.19316e-006
-1.41181e-006 -1.41181e-006
-1.53215e-006 -1.53214e-006
-2.15088e-006 -2.15088e-006
-7.72221e-007 -7.72218e-007
-1.62028e-006 -1.62027e-006
-1.46909e-006 -1.46908e-006
-1.34674e-006 -1.34673e-006
-1.39829e-006 -1.39828e-006
-1.25764e-006 -1.25764e-006
-1.08293e-006 -1.08292e-006
-1.2269e-006 -1.22689e-006
-1.30886e-006 -1.30886e-006
-1.12068e-006 -1.12069e-006
-1.44841e-006 -1.44841e-006
-2.55888e-006 -2.55888e-006
-3.09551e-006 -3.09551e-006
-1.67824e-006 -1.67825e-006
-1.02288e-006 -1.02288e-006
-1.28487e-006 -1.28487e-006
-1.35476e-006 -1.35476e-006
-2.07966e-006 -2.07965e-006
-1.20838e-006 -1.20838e-006
-1.31465e-006 -1.31465e-006
-1.00062e-006 -1.0006e-006
-1.34259e-006 -1.34259e-006
-1.03681e-006 -1.03681e-006
-1.49857e-006 -1.49857e-006
-1.06367e-006 -1.06366e-006
-1.57538e-006 -1.57538e-006
-9.2687e-007 -9.26867e-007
-1.72767e-006 -1.72767e-006
-9.47699e-007 -9.47704e-007
-1.76002e-006 -1.76001e-006
-1.11162e-006 -1.11163e-006
-9.13667e-007 -9.13669e-007
-8.38089e-007 -8.38085e-007
-1.99829e-006 -1.99829e-006
-1.61047e-006 -1.61046e-006
-8.01496e-007 -8.01492e-007
-1.01379e-006 -1.01378e-006
-1.4435e-006 -1.4435e-006
-1.57586e-006 -1.57586e-006
-1.06429e-006 -1.0643e-006
-1.44707e-006 -1.44706e-006
-1.06229e-006 -1.06228e-006
-1.378e-006 -1.37799e-006
-1.43627e-006 -1.43626e-006
-1.10484e-006 -1.10484e-006
-1.57243e-006 -1.57243e-006
-1.23647e-006 -1.23647e-006
-1.30817e-006 -1.30818e-006
-1.15434e-006 -1.15433e-006
-9.46074e-007 -9.4607e-007
-1.52111e-006 -1.52109e-006
-9.72951e-007 -9.72946e-007
-1.54747e-006 -1.54746e-006
-1.60875e-006 -1.60874e-006
-1.14842e-006 -1.14843e-006
-1.38794e-006 -1.38794e-006
-1.23626e-006 -1.23626e-006
-1.03894e-006 -1.03894e-006
-1.42952e-006 -1.42951e-006
-1.40394e-006 -1.40393e-006
-9.08345e-007 -9.0834e-007
-1.04733e-006 -1.04732e-006
-1.00206e-006 -1.00206e-006
-1.05183e-006 -1.05183e-006
-1.56062e-006 -1.56062e-006
-1.09288e-006 -1.09287e-006
-1.08115e-006 -1.08114e-006
-1.67563e-006 -1.67562e-006
-1.67968e-006 -1.67969e-006
-1.28298e-006 -1.28297e-006
-1.05693e-006 -1.05693e-006
-1.0946e-006 -1.09461e-006
-2.16961e-006 -2.16961e-006
-2.2746e-006 -2.27459e-006
-8.65974e-007 -8.65974e-007
-1.81892e-006 -1.81894e-006
-1.11201e-006 -1.11202e-006
-1.23415e-006 -1.23416e-006
-1.02679e-006 -1.02679e-006
-1.01112e-006 -1.01112e-006
-1.36351e-006 -1.3635e-006
-1.07164e-006 -1.07162e-006
-1.37452e-006 -1.37451e-006
-1.10243e-006 -1.10242e-006
-2.12548e-006 -2.12548e-006
-1.2176e-006 -1.2176e-006
-1.42723e-006 -1.42723e-006
-1.17672e-006 -1.17671e-006
-1.07955e-006 -1.07955e-006
-2.60065e-006 -2.60064e-006
-1.17551e-006 -1.1755e-006
-9.05493e-007 -9.05498e-007
-1.66473e-006 -1.66473e-006
-1.73631e-006 -1.7363e-006
-1.14223e-006 -1.14222e-006
-1.60634e-006 -1.60634e-006
-1.50753e-006 -1.50752e-006
-1.17434e-006 -1.17433e-006
-1.08904e-006 -1.08903e-006
-2.06356e-006 -2.06356e-006
-1.30342e-006 -1.30342e-006
-1.07861e-006 -1.07862e-006
-1.10947e-006 -1.10946e-006
-1.10492e-006 -1.10491e-006
-1.5227e-006 -1.52269e-006
-1.17647e-006 -1.17646e-006
-1.48791e-006 -1.48791e-006
-1.66526e-006 -1.66526e-006
-7.57335e-007 -7.57332e-007
-1.66682e-006 -1.66681e-006
-1.09536e-006 -1.09535e-006
-1.62127e-006 -1.62126e-006
-2.01597e-006 -2.01597e-006
-1.38025e-006 -1.38026e-006
-1.53647e-006 -1.53648e-006
-1.00868e-006 -1.00867e-006
-1.09805e-006 -1.09805e-006
-1.42822e-006 -1.42823e-006
-1.70762e-006 -1.70761e-006
-1.30998e-006 -1.30997e-006
-1.73712e-006 -1.73712e-006
-1.76857e-006 -1.76856e-006
-1.38031e-006 -1.3803e-006
-1.25928e-006 -1.25928e-006
-1.05739e-006 -1.05738e-006
-1.99405e-006 -1.99405e-006
-9.57727e-007 -9.57723e-007
-1.32352e-006 -1.32353e-006
-1.81007e-006 -1.81005e-006
-1.37011e-006 -1.3701e-006
-1.21147e-006 -1.21146e-006
-9.86045e-007 -9.86038e-007
-1.44599e-006 -1.44599e-006
-1.61292e-006 -1.61291e-006
-1.59011e-006 -1.59011e-006
-8.95868e-007 -8.9587e-007
-1.06453e-006 -1.06452e-006
-2.37863e-006 -2.37863e-006
-1.24417e-006 -1.24416e-006
-2.37197e-006 -2.37197e-006
-2.04554e-006 -2.04555e-006
-1.19411e-006 -1.1941e-006
-1.11028e-006 -1.11028e-006
-1.22257e-006 -1.22258e-006
-7.61419e-007 -7.61418e-007
-1.39947e-006 -1.39947e-006
-8.99812e-007 -8.99814e-007
-1.39557e-006 -1.39558e-006
-1.26965e-006 -1.26965e-006
-1.60528e-006 -1.60528e-006
-1.58311e-006 -1.58311e-006
-1.36379e-006 -1.36378e-006
-1.7875e-006 -1.78749e-006
-1.10488e-006 -1.10488e-006
-1.07823e-006 -1.07823e-006
-1.92662e-006 -1.92662e-006
-1.14304e-006 -1.14303e-006
-1.14544e-006 -1.14545e-006
-8.37697e-007 -8.37694e-007
-1.49736e-006 -1.49736e-006
-1.29381e-006 -1.29381e-006
-1.11972e-006 -1.11973e-006
-1.06656e-006 -1.06658e-006
-1.27125e-006 -1.27125e-006
-1.54065e-006 -1.54065e-006
-1.53084e-006 -1.53083e-006
-1.03622e-006 -1.03622e-006
-1.19114e-006 -1.19114e-006
-9.66798e-007 -9.668e-007
-1.56351e-006 -1.56351e-006
-1.15841e-006 -1.15842e-006
